param n:=20;
param v:=5;

param T:
	0	1	2	3	4	5	6	7	8	9	10	11	12	13	14	15	16	17	18	19	20=
0	.	3	35	22	17	37	21	18	25	9	32	41	11	31	29	32	24	17	8	44	34	
1	3	.	38	20	20	40	23	17	26	9	36	43	14	35	33	34	26	19	11	47	37	
2	35	38	.	45	28	14	30	40	35	34	7	22	31	15	17	22	36	39	30	26	13	
3	22	20	45	.	38	53	16	5	14	13	46	39	33	48	47	30	46	39	29	41	37	
4	17	20	28	38	.	24	32	34	38	25	23	43	5	18	15	37	9	11	9	48	34	
5	37	40	14	53	24	.	40	48	46	40	8	37	28	5	8	36	28	34	29	41	27	
6	21	23	30	16	32	40	.	12	6	13	32	23	29	36	36	14	41	38	25	26	21	
7	18	17	40	5	34	48	12	.	11	9	41	35	29	43	42	26	42	36	25	38	33	
8	25	26	35	14	38	46	6	11	.	16	38	25	34	42	42	17	47	42	30	27	25	
9	9	9	34	13	25	40	13	9	16	.	34	35	20	36	34	26	33	27	16	38	30	
10	32	36	7	46	23	8	32	41	38	34	.	29	26	7	10	28	29	34	26	33	19	
11	41	43	22	39	43	37	23	35	25	35	29	.	43	37	38	9	53	53	40	4	10	
12	11	14	31	33	5	28	29	29	34	20	26	43	.	23	20	36	13	10	4	47	34	
13	31	35	15	48	18	5	36	43	42	36	7	37	23	.	3	34	23	29	24	41	26	
14	29	33	17	47	15	8	36	42	42	34	10	38	20	3	.	35	20	26	22	42	28	
15	32	34	22	30	37	36	14	26	17	26	28	9	36	34	35	.	47	46	32	12	9	
16	24	26	36	46	9	28	41	42	47	33	29	53	13	23	20	47	.	9	17	57	43	
17	17	19	39	39	11	34	38	36	42	27	34	53	10	29	26	46	9	.	13	57	44	
18	8	11	30	29	9	29	25	25	30	16	26	40	4	24	22	32	17	13	.	44	31	
19	44	47	26	41	48	41	26	38	27	38	33	4	47	41	42	12	57	57	44	.	14	
20	34	37	13	37	34	27	21	33	25	30	19	10	34	26	28	9	43	44	31	14	.	
;

param Q:=
1	3.0
2	3.0
3	7.0
4	6.0
5	6.0
6	9.0
7	7.0
8	2.0
9	9.0
10	7.0
11	4.0
12	6.0
13	3.0
14	5.0
15	4.0
16	8.0
17	6.0
18	8.0
19	4.0
20	9.0
;