param n:=121;
param v:=1;

param T:
	0	1	2	3	4	5	6	7	8	9	10	11	12	13	14	15	16	17	18	19	20	21	22	23	24	25	26	27	28	29	30	31	32	33	34	35	36	37	38	39	40	41	42	43	44	45	46	47	48	49	50	51	52	53	54	55	56	57	58	59	60	61	62	63	64	65	66	67	68	69	70	71	72	73	74	75	76	77	78	79	80	81	82	83	84	85	86	87	88	89	90	91	92	93	94	95	96	97	98	99	100	101	102	103	104	105	106	107	108	109	110	111	112	113	114	115	116	117	118	119	120=
0	.	56	53	54	54	52	51	52	60	54	54	57	64	60	62	59	89	88	20	92	89	88	95	92	96	95	92	100	98	102	102	101	99	104	104	100	102	92	92	92	90	95	95	95	99	99	101	101	101	104	107	107	96	99	100	102	104	101	105	104	108	108	110	112	112	110	119	56	64	57	58	64	68	63	66	68	64	68	70	72	75	12	6	21	15	11	8	6	4	11	15	14	10	12	15	8	12	18	27	14	16	10	8	17	14	8	9	12	26	29	24	6	12	20	21	24	20	16	22	9	9	
1	56	.	3	9	10	10	12	15	27	14	12	12	27	18	17	14	58	58	42	62	62	63	64	64	65	65	65	69	69	80	71	71	71	72	75	72	75	87	89	90	96	92	94	98	94	101	96	98	100	98	104	106	118	120	120	124	128	120	126	120	130	126	129	134	131	126	137	99	99	101	104	105	108	101	106	108	102	105	108	107	112	45	50	35	41	46	48	51	52	47	46	47	48	52	52	53	53	53	65	59	60	58	57	65	63	60	60	64	39	45	59	48	44	36	44	54	62	40	41	52	63	
2	53	3	.	8	9	9	11	12	26	12	11	12	27	18	17	14	58	58	40	62	62	62	64	64	65	65	65	69	69	80	71	71	71	72	75	72	75	86	88	89	95	90	93	96	93	100	95	96	99	98	102	105	116	118	118	122	125	118	124	118	129	125	126	131	129	125	136	96	96	99	101	102	106	99	104	106	100	102	106	105	110	42	47	33	39	44	46	48	50	45	44	45	46	50	50	51	51	51	63	57	58	56	54	63	60	58	59	62	36	42	57	46	41	34	41	52	59	38	39	51	62	
3	54	9	8	.	2	3	5	6	18	5	4	5	20	11	10	6	51	51	38	54	54	54	57	57	58	58	58	62	62	71	64	64	64	65	68	65	68	78	81	82	88	83	86	89	86	93	88	89	92	89	95	98	110	112	112	116	119	112	118	112	122	118	120	125	123	118	130	94	93	96	99	99	102	95	100	102	95	99	102	101	106	44	48	34	40	44	46	48	51	45	42	44	46	48	48	51	50	48	60	56	56	54	54	62	59	58	58	62	34	40	54	47	41	35	39	50	57	38	36	52	62	
4	54	10	9	2	.	3	5	5	17	4	3	4	18	10	9	5	50	50	39	53	53	53	56	56	57	57	57	60	60	70	63	63	63	64	66	64	66	77	80	81	87	82	84	88	84	92	87	88	90	88	94	96	108	112	111	114	119	112	117	111	122	118	119	124	123	117	129	94	93	96	99	98	102	95	100	102	95	99	101	100	105	45	50	34	40	44	47	48	51	45	42	45	46	48	48	52	50	48	60	56	57	56	54	62	60	58	59	62	34	40	54	47	42	35	39	50	57	39	36	53	63	
5	52	10	9	3	3	.	3	4	18	5	4	5	20	11	10	8	51	51	35	54	54	54	57	57	58	58	58	62	62	71	64	64	64	65	68	65	68	77	80	81	87	82	83	88	84	90	87	88	90	88	94	96	107	111	110	113	118	111	116	110	120	117	118	123	122	117	128	92	90	94	96	96	100	93	98	100	93	96	100	99	104	42	47	32	38	41	45	46	48	42	40	41	44	46	46	48	47	46	58	53	53	52	52	59	57	56	56	59	32	38	52	45	40	33	36	47	54	36	34	51	60	
6	51	12	11	5	5	3	.	3	17	4	4	6	18	10	11	9	50	50	34	53	53	53	56	56	57	57	57	60	60	70	63	63	63	64	66	64	66	75	77	78	84	80	81	86	82	88	84	86	88	87	92	94	105	107	107	111	114	107	113	107	118	114	116	120	118	113	125	89	88	92	94	93	98	90	95	98	90	94	98	96	100	41	46	30	36	40	42	45	47	41	38	40	41	45	44	47	45	44	56	51	52	51	51	57	56	53	54	57	29	35	50	44	38	32	34	45	52	34	32	50	59	
7	52	15	12	6	5	4	3	.	15	3	4	5	16	9	9	8	47	47	34	51	51	51	53	53	54	54	54	58	58	68	60	60	60	62	64	62	64	74	75	76	82	77	80	83	80	87	82	83	86	84	89	92	104	106	106	110	113	106	112	106	116	112	114	119	117	112	124	89	87	92	94	93	96	89	94	96	90	93	96	95	100	42	47	32	38	41	44	46	48	41	39	41	42	45	45	48	46	45	56	52	52	52	51	58	56	54	56	58	29	35	50	45	40	33	35	45	52	36	33	51	60	
8	60	27	26	18	17	18	17	15	.	14	15	14	4	9	11	14	33	33	41	36	36	36	39	39	40	40	40	44	44	53	46	46	46	47	50	47	50	62	64	65	72	65	68	72	68	75	70	71	74	71	77	81	96	99	98	102	107	98	105	96	108	104	106	111	108	104	114	89	86	92	94	93	96	89	94	96	89	92	95	93	98	53	57	42	46	50	53	54	58	50	47	48	51	52	51	56	53	50	58	58	58	58	59	63	63	63	63	65	36	38	53	54	50	42	42	48	57	46	40	62	69	
9	54	14	12	5	4	5	4	3	14	.	2	3	15	6	6	5	46	46	38	50	50	50	52	52	53	53	53	57	57	66	59	59	59	60	63	60	63	74	76	77	83	77	80	84	80	87	82	83	86	84	89	93	105	107	107	111	116	107	113	107	117	113	116	120	118	113	125	92	89	94	96	95	99	92	96	99	93	95	99	98	102	45	50	34	40	44	47	48	51	45	41	44	46	47	47	51	48	47	58	54	54	54	54	60	59	57	58	60	32	38	52	47	42	35	38	47	56	39	35	53	63	
10	54	12	11	4	3	4	4	4	15	2	.	2	16	8	6	4	47	47	38	51	51	51	53	53	54	54	54	58	58	68	60	60	60	62	64	62	64	75	77	78	84	80	82	86	82	89	83	86	88	86	92	94	106	110	108	113	117	110	114	108	119	116	117	122	120	114	126	93	90	95	98	96	100	93	98	100	94	96	100	99	104	45	50	34	40	44	47	48	51	45	42	44	46	48	47	51	50	48	59	56	56	54	54	60	59	58	58	62	33	39	53	47	42	35	39	48	56	39	36	53	63	
11	57	12	12	5	4	5	6	5	14	3	2	.	15	6	5	3	46	46	39	50	50	50	52	52	53	53	53	57	57	66	59	59	59	60	63	60	63	75	77	78	84	80	81	86	81	88	83	84	88	86	92	94	107	110	108	113	117	110	116	108	119	116	118	123	120	116	126	94	92	96	99	98	101	94	99	101	95	98	101	100	105	47	52	36	41	46	48	51	53	46	44	46	47	50	50	53	51	50	60	57	57	57	57	63	60	59	60	63	34	40	54	50	44	38	40	50	58	40	38	56	65	
12	64	27	27	20	18	20	18	16	4	15	16	15	.	9	10	14	32	32	45	35	35	35	38	38	39	39	39	42	42	52	45	45	45	46	48	46	48	63	65	66	75	66	70	75	69	77	71	72	76	72	78	82	99	102	101	105	110	101	107	100	111	106	108	113	111	106	117	93	89	95	98	96	100	93	98	100	93	95	99	96	101	57	60	45	50	53	57	58	60	53	51	52	54	56	54	59	57	53	62	62	62	62	63	66	66	66	66	69	40	41	57	58	52	46	46	52	60	50	44	65	72	
13	60	18	18	11	10	11	10	9	9	6	8	6	9	.	3	5	40	40	41	44	44	44	46	46	47	47	47	51	51	60	53	53	53	54	57	54	57	70	72	74	81	75	76	81	76	84	78	80	83	81	86	89	104	107	106	110	114	106	112	105	116	112	114	119	117	112	123	94	90	96	99	98	101	94	99	101	94	96	100	99	104	51	56	40	45	48	52	53	57	50	46	48	51	52	51	56	53	51	60	59	59	59	59	64	63	62	63	65	36	40	56	53	47	41	42	51	59	44	40	59	69	
14	62	17	17	10	9	10	11	9	11	6	6	5	10	3	.	4	41	41	44	45	45	46	47	47	48	48	48	52	52	63	54	54	54	56	58	56	58	72	75	76	83	77	78	84	78	87	81	82	86	83	88	92	106	110	108	113	117	108	114	107	119	114	117	122	119	114	125	96	93	99	101	100	104	96	101	104	96	99	102	101	106	52	57	41	46	50	53	54	58	51	48	50	52	54	53	57	56	53	63	60	60	60	60	66	65	64	64	66	38	42	57	54	48	42	44	52	60	45	41	60	70	
15	59	14	14	6	5	8	9	8	14	5	4	3	14	5	4	.	45	45	42	48	48	50	51	51	52	52	52	56	56	66	58	58	58	59	62	59	62	75	77	78	86	80	82	87	82	89	83	86	88	86	92	94	108	111	111	114	118	111	117	110	120	117	119	124	122	117	128	96	94	99	101	100	104	96	101	104	96	100	104	101	106	50	54	39	45	48	52	53	56	50	47	48	51	53	52	56	53	52	63	59	60	59	59	65	64	62	63	65	38	42	57	52	47	40	42	52	60	44	40	58	68	
16	89	58	58	51	50	51	50	47	33	46	47	46	32	40	41	45	.	3	69	4	6	9	6	6	8	8	9	11	11	23	14	14	14	16	17	15	17	45	48	51	60	48	52	58	48	59	50	52	56	51	57	62	89	93	90	95	100	90	98	88	100	94	96	102	99	93	104	102	93	105	107	102	105	98	102	105	96	99	102	99	104	83	86	72	76	78	82	82	86	77	74	75	78	78	76	83	78	74	78	82	82	83	84	87	87	88	88	89	63	62	74	82	78	72	69	70	80	76	68	92	96	
17	88	58	58	51	50	51	50	47	33	46	47	46	32	40	41	45	3	.	68	4	4	6	9	6	9	8	8	12	11	22	15	14	14	16	17	15	17	42	46	48	58	46	50	56	46	57	47	50	54	50	56	59	87	90	88	93	98	88	95	86	98	92	94	100	96	90	102	100	90	102	105	100	102	95	100	102	95	96	100	96	101	82	84	71	75	77	81	81	84	76	72	74	77	77	75	81	77	72	76	81	80	82	83	84	86	87	87	88	62	60	72	82	77	71	68	69	78	75	66	90	95	
18	20	42	40	38	39	35	34	34	41	38	38	39	45	41	44	42	69	68	.	72	70	68	76	72	77	76	72	80	77	83	82	81	78	84	84	81	83	75	75	75	76	78	78	80	82	83	84	84	86	87	90	92	88	90	90	94	96	92	96	93	101	99	101	105	104	100	110	58	62	60	63	64	69	62	66	69	63	66	70	70	74	17	17	10	9	10	12	12	17	9	5	6	9	10	10	15	11	11	23	17	18	17	17	23	22	21	21	23	6	11	18	14	11	9	2	14	20	10	2	23	28	
19	92	62	62	54	53	54	53	51	36	50	51	50	35	44	45	48	4	4	72	.	5	9	4	4	5	4	6	8	8	20	10	10	10	12	14	11	14	44	47	50	59	47	51	57	47	58	48	51	54	50	56	59	89	93	90	95	100	89	96	87	100	93	95	101	99	92	104	104	94	107	108	104	106	99	104	106	98	100	104	99	104	87	89	75	78	82	84	84	89	81	77	78	81	81	80	86	82	77	81	86	84	87	88	89	89	92	90	92	66	64	76	86	81	76	71	72	82	78	70	94	100	
20	89	62	62	54	53	54	53	51	36	50	51	50	35	44	45	48	6	4	70	5	.	4	9	3	9	6	4	11	8	17	12	11	10	15	15	11	14	39	42	45	54	42	46	52	42	53	44	46	51	45	51	56	84	88	86	90	95	84	92	82	95	88	90	96	94	87	99	99	89	102	105	99	101	94	99	101	94	95	99	95	99	84	87	74	77	80	82	82	87	78	75	76	78	78	76	83	80	74	77	82	81	83	86	86	87	88	88	89	64	62	72	83	80	74	69	70	80	77	68	93	98	
21	88	63	62	54	53	54	53	51	36	50	51	50	35	44	46	50	9	6	68	9	4	.	12	5	12	10	4	14	10	17	15	14	10	18	16	12	15	35	39	41	51	39	42	50	40	51	41	42	47	42	48	52	81	84	82	87	92	81	88	78	92	86	88	93	90	83	95	96	86	99	101	95	98	92	95	98	90	92	95	92	96	83	86	72	75	78	81	81	86	76	72	75	77	77	75	82	77	72	75	81	80	82	83	84	84	87	86	87	63	59	71	82	78	72	68	68	77	76	66	90	96	
22	95	64	64	57	56	57	56	53	39	52	53	52	38	46	47	51	6	9	76	4	9	12	.	8	2	3	10	5	6	20	8	8	10	9	11	10	11	46	50	52	63	50	53	60	50	60	51	53	57	51	57	62	93	96	94	99	104	93	100	89	102	96	99	105	101	94	106	107	98	111	113	107	110	104	107	110	102	104	107	104	108	90	93	78	82	86	88	89	93	84	81	82	86	86	83	89	86	81	84	89	88	90	92	93	94	95	95	96	70	69	81	89	86	80	75	77	87	82	74	98	104	
23	92	64	64	57	56	57	56	53	39	52	53	52	38	46	47	51	6	6	72	4	3	5	8	.	8	5	3	9	5	16	10	9	8	12	11	9	11	39	42	45	56	42	46	53	42	54	44	46	51	45	51	56	86	89	87	92	96	86	93	83	95	89	92	98	94	88	99	101	92	105	107	101	104	96	101	104	95	96	100	96	101	87	89	76	80	82	86	86	89	81	77	78	82	81	80	86	82	77	80	86	84	87	88	89	89	92	90	92	66	64	76	87	82	76	71	72	82	80	71	95	100	
24	96	65	65	58	57	58	57	54	40	53	54	53	39	47	48	52	8	9	77	5	9	12	2	8	.	3	10	4	6	20	6	6	9	8	10	9	10	46	50	52	63	50	53	60	50	60	50	52	57	51	57	62	93	96	94	99	104	93	100	89	102	96	99	105	101	94	106	108	99	112	113	108	111	104	108	111	102	104	107	104	108	92	94	80	83	87	89	89	94	86	82	83	86	86	84	90	87	82	86	90	89	92	93	94	94	96	96	98	71	69	81	90	87	81	76	78	87	83	75	99	105	
25	95	65	65	58	57	58	57	54	40	53	54	53	39	47	48	52	8	8	76	4	6	10	3	5	3	.	8	4	4	17	6	6	8	9	10	8	10	44	47	50	60	47	51	58	47	58	47	50	54	48	54	59	90	94	92	96	101	90	98	87	100	94	96	102	99	92	104	106	96	110	112	106	108	101	106	108	100	102	105	101	106	90	93	78	82	86	88	88	93	84	81	82	84	84	83	89	86	81	84	89	88	90	92	93	93	95	94	95	70	68	80	89	86	80	75	76	86	82	74	98	104	
26	92	65	65	58	57	58	57	54	40	53	54	53	39	47	48	52	9	8	72	6	4	4	10	3	10	8	.	10	6	14	11	9	6	14	12	8	10	36	40	42	53	40	44	51	40	52	41	44	47	42	48	52	83	87	84	89	94	83	90	80	93	87	89	95	92	84	96	100	89	104	105	99	101	95	99	101	94	95	99	95	99	88	89	76	80	82	86	86	89	81	77	78	81	81	78	86	82	76	78	84	83	86	88	88	89	90	90	92	66	64	75	87	82	77	71	72	81	80	71	95	100	
27	100	69	69	62	60	62	60	58	44	57	58	57	42	51	52	56	11	12	80	8	11	14	5	9	4	4	10	.	5	17	3	3	8	4	6	6	8	46	50	52	63	48	52	59	48	60	48	51	56	50	56	59	93	96	94	99	104	93	100	89	102	95	98	104	100	94	105	110	100	113	116	110	112	105	110	112	104	106	108	105	110	94	96	83	87	89	93	93	98	88	84	87	89	89	87	94	89	84	88	93	92	94	95	96	98	99	99	100	74	72	84	94	89	83	80	81	90	87	78	102	108	
28	98	69	69	62	60	62	60	58	44	57	58	57	42	51	52	56	11	11	77	8	8	10	6	5	6	4	6	5	.	14	5	3	3	8	6	4	6	41	45	47	58	44	47	54	44	56	45	46	51	45	51	56	88	92	89	94	99	88	95	84	98	90	93	99	95	89	100	106	95	110	111	105	107	101	105	107	100	101	105	100	105	93	95	82	84	87	90	90	95	87	82	84	87	87	84	92	87	82	84	90	89	92	93	94	94	96	96	98	71	69	81	92	88	82	77	78	87	84	76	100	106	
29	102	80	80	71	70	71	70	68	53	66	68	66	52	60	63	66	23	22	83	20	17	17	20	16	20	17	14	17	14	.	16	14	10	17	12	10	10	32	35	38	48	34	38	45	33	45	33	35	40	33	39	44	78	82	80	84	89	78	86	75	88	81	83	89	86	78	89	104	92	107	108	101	104	96	101	104	95	96	100	95	100	99	100	88	90	93	96	95	100	92	88	89	92	90	88	95	92	86	87	94	92	95	98	96	98	100	100	100	77	74	83	96	93	88	82	81	89	92	82	106	110	
30	102	71	71	64	63	64	63	60	46	59	60	59	45	53	54	58	14	15	82	10	12	15	8	10	6	6	11	3	5	16	.	3	8	3	4	6	6	46	50	52	63	48	52	59	47	59	48	51	56	48	54	59	93	96	94	99	104	93	100	89	102	95	98	104	100	93	105	111	101	114	117	111	113	106	111	113	105	106	110	106	111	96	99	86	89	92	95	95	99	90	87	88	92	92	89	95	92	87	89	95	94	96	98	99	99	101	101	102	76	74	86	96	92	86	82	83	92	89	81	105	110	
31	101	71	71	64	63	64	63	60	46	59	60	59	45	53	54	58	14	14	81	10	11	14	8	9	6	6	9	3	3	14	3	.	5	5	4	4	4	44	47	50	60	46	50	57	45	57	46	48	53	46	52	57	90	94	92	96	101	90	98	87	100	93	95	101	98	90	102	110	99	112	114	108	111	104	108	111	102	104	107	104	108	95	98	84	88	90	94	94	98	89	86	87	90	89	88	94	90	86	88	94	93	95	96	98	98	100	99	100	75	72	84	95	90	84	81	81	90	88	80	104	108	
32	99	71	71	64	63	64	63	60	46	59	60	59	45	53	54	58	14	14	78	10	10	10	10	8	9	8	6	8	3	10	8	5	.	10	6	2	4	39	42	45	56	41	45	52	40	52	41	44	48	42	47	52	86	89	87	92	96	86	93	82	95	88	90	96	93	86	98	105	94	108	111	104	106	100	104	106	99	100	104	99	104	94	96	83	86	88	92	92	96	87	83	86	88	87	86	92	88	83	84	92	89	93	94	94	95	98	96	98	72	70	81	93	89	83	78	78	88	87	77	101	107	
33	104	72	72	65	64	65	64	62	47	60	62	60	46	54	56	59	16	16	84	12	15	18	9	12	8	9	14	4	8	17	3	5	10	.	5	9	8	48	52	54	65	51	54	62	50	62	50	52	57	51	57	60	95	99	96	101	106	95	102	92	105	98	100	106	102	95	107	114	104	117	119	113	116	108	113	116	107	110	112	108	113	99	101	88	92	94	98	98	101	93	89	90	94	93	92	98	94	89	93	98	96	99	100	101	101	104	104	105	78	76	88	98	94	88	83	86	94	92	82	107	112	
34	104	75	75	68	66	68	66	64	50	63	64	63	48	57	58	62	17	17	84	14	15	16	11	11	10	10	12	6	6	12	4	4	6	5	.	4	3	44	47	50	60	46	50	57	45	57	45	47	52	46	51	56	90	94	92	96	101	90	98	87	100	93	95	101	98	90	101	111	100	114	117	110	112	106	110	112	105	106	108	105	110	99	101	88	92	94	96	96	101	93	89	90	93	93	90	98	94	88	90	96	95	98	100	100	101	102	102	104	78	76	87	98	94	88	83	84	93	92	82	107	112	
35	100	72	72	65	64	65	64	62	47	60	62	60	46	54	56	59	15	15	81	11	11	12	10	9	9	8	8	6	4	10	6	4	2	9	4	.	3	40	44	46	57	42	46	53	41	53	42	45	50	42	48	53	87	90	88	93	98	87	94	83	96	89	92	98	94	87	99	107	96	110	112	106	107	101	106	107	100	101	105	100	105	95	98	84	88	90	93	93	98	89	86	87	89	89	87	94	89	84	87	93	92	94	95	96	96	99	99	99	75	72	83	94	90	84	80	80	89	88	78	104	108	
36	102	75	75	68	66	68	66	64	50	63	64	63	48	57	58	62	17	17	83	14	14	15	11	11	10	10	10	8	6	10	6	4	4	8	3	3	.	41	45	47	58	44	47	54	42	54	42	45	50	44	48	53	88	92	89	94	99	88	95	84	98	90	93	99	95	88	99	108	98	112	114	107	110	104	107	110	102	104	107	102	107	98	100	87	90	93	96	96	100	92	88	89	92	92	89	96	93	87	89	95	94	96	98	99	99	101	101	102	77	75	86	98	93	88	82	83	92	90	82	106	111	
37	92	87	86	78	77	77	75	74	62	74	75	75	63	70	72	75	45	42	75	44	39	35	46	39	46	44	36	46	41	32	46	44	39	48	44	40	41	.	4	6	17	4	6	14	8	15	10	10	12	12	16	18	47	51	48	53	58	47	54	44	57	50	52	58	54	48	59	77	64	81	82	74	75	70	72	75	68	68	71	66	70	92	92	82	83	84	87	86	90	82	78	80	82	80	77	84	80	74	69	80	77	82	84	81	83	87	86	86	70	64	68	88	86	82	74	68	74	84	74	98	98	
38	92	89	88	81	80	80	77	75	64	76	77	77	65	72	75	77	48	46	75	47	42	39	50	42	50	47	40	50	45	35	50	47	42	52	47	44	45	4	.	3	14	4	4	10	8	12	10	10	10	12	16	17	44	47	45	50	54	44	51	40	53	46	48	54	51	45	56	75	60	78	80	71	72	66	70	72	65	65	68	63	68	92	92	83	83	84	87	86	90	82	78	80	82	80	77	84	80	74	69	80	77	82	84	80	82	87	86	84	71	64	68	88	86	83	74	68	74	84	74	98	98	
39	92	90	89	82	81	81	78	76	65	77	78	78	66	74	76	78	51	48	75	50	45	41	52	45	52	50	42	52	47	38	52	50	45	54	50	46	47	6	3	.	11	5	4	8	9	10	10	10	10	12	16	16	41	45	42	47	52	41	48	38	51	44	46	52	48	42	53	74	59	77	78	70	70	65	69	70	64	64	66	62	65	92	92	83	83	84	87	86	90	82	78	80	82	80	77	84	80	74	68	80	77	82	84	80	82	87	86	84	71	64	68	88	86	83	74	68	74	86	74	98	98	
40	90	96	95	88	87	87	84	82	72	83	84	84	75	81	83	86	60	58	76	59	54	51	63	56	63	60	53	63	58	48	63	60	56	65	60	57	58	17	14	11	.	15	11	6	17	9	18	17	14	21	20	17	30	34	32	36	41	30	38	27	40	34	36	41	39	32	44	66	52	70	71	62	62	58	60	62	56	56	58	52	56	93	92	86	84	86	87	86	90	82	78	80	82	78	76	83	78	72	66	78	76	81	83	78	81	86	84	83	74	65	66	88	87	86	75	66	72	87	76	98	96	
41	95	92	90	83	82	82	80	77	65	77	80	80	66	75	77	80	48	46	78	47	42	39	50	42	50	47	40	48	44	34	48	46	41	51	46	42	44	4	4	5	15	.	4	11	4	11	6	6	9	9	12	15	45	48	46	51	56	45	52	41	54	47	50	56	52	45	57	78	64	82	83	75	75	70	74	75	69	69	71	66	70	95	95	87	87	88	90	89	94	86	82	83	86	83	81	88	83	77	72	83	81	86	88	84	86	90	89	88	74	68	71	92	89	87	77	71	77	88	77	101	101	
42	95	94	93	86	84	83	81	80	68	80	82	81	70	76	78	82	52	50	78	51	46	42	53	46	53	51	44	52	47	38	52	50	45	54	50	46	47	6	4	4	11	4	.	8	6	8	8	6	6	10	12	12	41	45	42	47	52	41	48	38	51	44	46	52	48	41	53	76	62	80	81	72	72	68	71	72	66	66	69	64	68	95	95	87	87	88	90	89	94	86	82	83	86	83	81	88	83	77	71	83	81	86	88	83	86	90	89	88	75	68	71	92	89	87	77	71	77	89	77	101	101	
43	95	98	96	89	88	88	86	83	72	84	86	86	75	81	84	87	58	56	80	57	52	50	60	53	60	58	51	59	54	45	59	57	52	62	57	53	54	14	10	8	6	11	8	.	12	4	14	11	8	15	14	12	34	38	35	40	45	34	41	30	44	36	39	45	41	34	46	72	58	76	77	68	68	64	66	68	62	62	64	58	62	96	95	89	88	89	90	89	94	87	83	84	86	83	81	88	83	77	71	83	81	86	88	83	86	90	89	88	76	69	71	92	90	89	78	71	77	90	80	101	101	
44	99	94	93	86	84	84	82	80	68	80	82	81	69	76	78	82	48	46	82	47	42	40	50	42	50	47	40	48	44	33	47	45	40	50	45	41	42	8	8	9	17	4	6	12	.	12	3	3	8	5	10	12	47	50	47	52	57	46	53	42	56	48	51	57	53	46	57	82	68	86	87	78	78	74	77	78	72	72	75	70	74	99	99	89	90	92	94	93	98	89	86	87	89	87	84	92	87	81	76	87	84	89	92	88	89	94	93	92	77	71	75	95	93	89	81	75	81	92	81	105	105	
45	99	101	100	93	92	90	88	87	75	87	89	88	77	84	87	89	59	57	83	58	53	51	60	54	60	58	52	60	56	45	59	57	52	62	57	53	54	15	12	10	9	11	8	4	12	.	12	10	5	12	11	9	35	39	35	40	45	34	41	30	44	36	39	45	41	34	45	76	60	78	80	70	71	66	69	71	64	64	66	60	64	100	99	93	92	93	94	93	98	89	87	87	89	87	84	92	87	81	75	87	84	89	92	87	89	94	93	92	80	72	75	95	94	92	82	75	81	94	83	105	105	
46	101	96	95	88	87	87	84	82	70	82	83	83	71	78	81	83	50	47	84	48	44	41	51	44	50	47	41	48	45	33	48	46	41	50	45	42	42	10	10	10	18	6	8	14	3	12	.	3	8	3	8	11	47	51	48	52	57	46	53	42	56	48	51	57	53	46	57	84	70	88	89	80	81	76	78	81	74	74	76	71	75	101	101	92	93	94	96	95	100	92	88	89	92	89	87	94	89	83	78	89	87	92	94	90	92	96	95	94	80	74	77	98	95	92	83	77	83	94	83	107	107	
47	101	98	96	89	88	88	86	83	71	83	86	84	72	80	82	86	52	50	84	51	46	42	53	46	52	50	44	51	46	35	51	48	44	52	47	45	45	10	10	10	17	6	6	11	3	10	3	.	5	3	6	9	45	48	46	50	54	44	51	40	53	46	48	54	51	44	54	83	68	86	88	78	78	74	77	78	72	72	75	70	72	101	101	93	93	94	96	95	100	92	88	89	92	89	87	94	89	83	77	89	87	92	94	89	92	96	95	94	80	74	77	98	95	93	83	77	83	94	83	107	107	
48	101	100	99	92	90	90	88	86	74	86	88	88	76	83	86	88	56	54	86	54	51	47	57	51	57	54	47	56	51	40	56	53	48	57	52	50	50	12	10	10	14	9	6	8	8	5	8	5	.	8	6	6	40	44	41	46	50	39	46	35	48	41	44	50	46	39	50	80	65	83	84	75	76	71	74	76	69	69	71	66	70	102	101	94	94	94	96	95	100	92	88	89	92	89	87	94	89	83	77	89	87	92	94	89	92	96	95	94	81	74	77	98	95	93	83	77	83	95	84	107	107	
49	104	98	98	89	88	88	87	84	71	84	86	86	72	81	83	86	51	50	87	50	45	42	51	45	51	48	42	50	45	33	48	46	42	51	46	42	44	12	12	12	21	9	10	15	5	12	3	3	8	.	6	10	48	52	48	53	58	47	53	42	56	48	51	57	53	46	57	86	71	89	90	82	82	77	81	82	76	75	78	72	76	104	104	94	95	96	99	98	102	94	90	92	94	92	89	96	92	86	81	92	89	94	96	93	94	99	98	96	82	76	80	100	98	94	86	80	86	96	86	110	110	
50	107	104	102	95	94	94	92	89	77	89	92	92	78	86	88	92	57	56	90	56	51	48	57	51	57	54	48	56	51	39	54	52	47	57	51	48	48	16	16	16	20	12	12	14	10	11	8	6	6	6	.	5	45	48	45	50	54	44	50	39	51	44	46	52	48	41	52	87	71	89	92	82	82	77	81	82	76	75	77	72	75	107	107	99	99	100	102	101	106	98	94	95	98	95	93	100	95	89	83	95	93	98	100	95	98	102	101	100	87	80	83	104	101	99	89	83	89	101	89	113	113	
51	107	106	105	98	96	96	94	92	81	93	94	94	82	89	92	94	62	59	92	59	56	52	62	56	62	59	52	59	56	44	59	57	52	60	56	53	53	18	17	16	17	15	12	12	12	9	11	9	6	10	5	.	41	44	41	45	50	39	45	34	47	39	41	47	44	36	47	84	69	87	88	78	78	75	77	78	72	72	75	69	72	108	107	100	100	100	102	101	106	98	94	95	98	95	93	100	95	89	83	95	93	98	100	95	98	102	101	100	88	81	83	104	102	100	90	83	89	101	90	113	113	
52	96	118	116	110	108	107	105	104	96	105	106	107	99	104	106	108	89	87	88	89	84	81	93	86	93	90	83	93	88	78	93	90	86	95	90	87	88	47	44	41	30	45	41	34	47	35	47	45	40	48	45	41	.	4	3	6	11	5	9	9	12	12	12	16	15	15	22	56	40	58	58	47	46	45	45	46	42	40	40	35	36	102	100	99	95	95	95	93	98	92	89	89	90	87	84	90	87	81	70	83	81	87	89	81	84	90	88	86	87	78	72	96	96	98	87	75	77	98	88	105	100	
53	99	120	118	112	112	111	107	106	99	107	110	110	102	107	110	111	93	90	90	93	88	84	96	89	96	94	87	96	92	82	96	94	89	99	94	90	92	51	47	45	34	48	45	38	50	39	51	48	44	52	48	44	4	.	3	3	8	6	6	11	10	12	12	14	14	15	21	56	40	58	58	47	45	45	45	45	42	40	40	35	35	105	101	100	98	96	98	95	99	93	92	92	93	89	87	93	88	83	71	86	82	88	90	82	86	92	90	88	89	81	75	99	99	100	89	77	78	100	90	107	101	
54	100	120	118	112	111	110	107	106	98	107	108	108	101	106	108	111	90	88	90	90	86	82	94	87	94	92	84	94	89	80	94	92	87	96	92	88	89	48	45	42	32	46	42	35	47	35	48	46	41	48	45	41	3	3	.	5	10	3	6	8	10	10	10	14	12	12	20	58	42	60	60	50	47	47	47	47	45	42	42	38	39	105	102	101	99	98	98	96	100	94	92	92	94	89	88	93	89	83	72	87	83	89	92	84	87	93	92	89	89	81	76	99	100	100	89	78	80	101	90	107	102	
55	102	124	122	116	114	113	111	110	102	111	113	113	105	110	113	114	95	93	94	95	90	87	99	92	99	96	89	99	94	84	99	96	92	101	96	93	94	53	50	47	36	51	47	40	52	40	52	50	46	53	50	45	6	3	5	.	5	6	3	11	6	10	10	10	11	14	17	58	42	60	60	50	47	47	47	47	45	42	42	38	38	108	105	104	101	100	101	99	102	96	94	95	96	92	90	95	92	87	75	88	86	92	94	86	89	95	93	90	93	84	78	101	102	104	92	81	82	104	94	110	105	
56	104	128	125	119	119	118	114	113	107	116	117	117	110	114	117	118	100	98	96	100	95	92	104	96	104	101	94	104	99	89	104	101	96	106	101	98	99	58	54	52	41	56	52	45	57	45	57	54	50	58	54	50	11	8	10	5	.	11	4	16	6	12	11	10	11	16	17	58	44	60	60	50	47	47	47	47	45	42	42	38	38	111	107	107	104	102	104	101	105	100	98	98	99	95	93	98	94	89	77	90	88	94	96	88	92	98	95	93	95	87	81	105	105	106	95	83	84	106	96	112	107	
57	101	120	118	112	112	111	107	106	98	107	110	110	101	106	108	111	90	88	92	89	84	81	93	86	93	90	83	93	88	78	93	90	86	95	90	87	88	47	44	41	30	45	41	34	46	34	46	44	39	47	44	39	5	6	3	6	11	.	8	5	10	8	9	12	11	10	18	60	45	63	63	52	50	50	50	50	47	45	45	40	41	107	104	102	100	99	100	98	101	95	93	94	95	92	89	95	90	86	75	88	86	90	93	86	89	94	93	90	90	82	77	101	101	101	90	80	82	102	92	110	105	
58	105	126	124	118	117	116	113	112	105	113	114	116	107	112	114	117	98	95	96	96	92	88	100	93	100	98	90	100	95	86	100	98	93	102	98	94	95	54	51	48	38	52	48	41	53	41	53	51	46	53	50	45	9	6	6	3	4	8	.	11	4	9	8	8	9	12	15	60	45	63	63	52	50	50	50	50	47	45	45	40	40	111	107	106	104	102	104	101	105	99	98	98	99	95	93	98	94	89	77	92	88	94	96	88	92	98	96	93	95	87	81	105	105	106	95	83	84	106	96	113	107	
59	104	120	118	112	111	110	107	106	96	107	108	108	100	105	107	110	88	86	93	87	82	78	89	83	89	87	80	89	84	75	89	87	82	92	87	83	84	44	40	38	27	41	38	30	42	30	42	40	35	42	39	34	9	11	8	11	16	5	11	.	14	6	9	15	11	6	18	64	48	66	66	56	54	53	54	54	51	48	50	45	46	108	106	102	101	100	101	99	104	96	94	95	96	93	90	96	92	87	76	90	87	93	95	88	90	96	95	93	92	83	78	102	102	102	92	81	83	104	93	111	107	
60	108	130	129	122	122	120	118	116	108	117	119	119	111	116	119	120	100	98	101	100	95	92	102	95	102	100	93	102	98	88	102	100	95	105	100	96	98	57	53	51	40	54	51	44	56	44	56	53	48	56	51	47	12	10	10	6	6	10	4	14	.	8	6	4	5	11	11	64	48	66	66	56	53	53	53	53	51	48	48	44	44	114	112	111	108	107	107	105	110	104	101	101	102	99	96	102	99	93	82	95	93	98	101	93	96	101	100	98	99	90	86	108	110	110	99	88	89	111	100	117	112	
61	108	126	125	118	118	117	114	112	104	113	116	116	106	112	114	117	94	92	99	93	88	86	96	89	96	94	87	95	90	81	95	93	88	98	93	89	90	50	46	44	34	47	44	36	48	36	48	46	41	48	44	39	12	12	10	10	12	8	9	6	8	.	3	9	5	3	11	68	52	70	70	59	57	57	57	57	54	52	52	47	47	114	112	110	107	106	107	105	110	102	100	101	102	99	96	102	98	93	82	95	93	98	101	93	96	102	100	98	98	89	84	108	108	108	98	87	89	110	99	117	112	
62	110	129	126	120	119	118	116	114	106	116	117	118	108	114	117	119	96	94	101	95	90	88	99	92	99	96	89	98	93	83	98	95	90	100	95	92	93	52	48	46	36	50	46	39	51	39	51	48	44	51	46	41	12	12	10	10	11	9	8	9	6	3	.	6	3	5	9	68	52	70	70	59	57	57	57	57	54	52	52	47	47	116	112	111	108	107	108	106	111	104	101	102	104	100	98	104	99	94	83	96	94	99	102	94	98	104	101	99	99	90	86	110	110	110	99	88	90	111	100	118	113	
63	112	134	131	125	124	123	120	119	111	120	122	123	113	119	122	124	102	100	105	101	96	93	105	98	105	102	95	104	99	89	104	101	96	106	101	98	99	58	54	52	41	56	52	45	57	45	57	54	50	57	52	47	16	14	14	10	10	12	8	15	4	9	6	.	4	11	8	68	52	70	70	59	57	57	57	57	54	52	52	47	47	119	116	114	112	111	111	110	113	107	105	105	107	102	101	106	102	96	86	99	96	102	105	96	100	106	104	101	102	94	89	112	113	113	102	92	93	114	104	120	116	
64	112	131	129	123	123	122	118	117	108	118	120	120	111	117	119	122	99	96	104	99	94	90	101	94	101	99	92	100	95	86	100	98	93	102	98	94	95	54	51	48	39	52	48	41	53	41	53	51	46	53	48	44	15	14	12	11	11	11	9	11	5	5	3	4	.	8	6	69	53	71	71	60	58	58	58	58	56	53	53	48	48	118	114	113	111	110	111	108	112	106	104	105	106	102	100	106	101	96	86	99	96	101	104	96	99	105	104	101	101	93	88	112	112	112	101	90	92	113	102	120	116	
65	110	126	125	118	117	117	113	112	104	113	114	116	106	112	114	117	93	90	100	92	87	83	94	88	94	92	84	94	89	78	93	90	86	95	90	87	88	48	45	42	32	45	41	34	46	34	46	44	39	46	41	36	15	15	12	14	16	10	12	6	11	3	5	11	8	.	11	70	54	72	72	62	59	59	59	59	57	54	54	50	51	116	112	110	108	107	108	106	111	104	101	102	104	100	98	104	99	94	83	96	94	100	102	95	98	104	102	100	98	89	86	110	110	110	99	88	90	110	100	118	113	
66	119	137	136	130	129	128	125	124	114	125	126	126	117	123	125	128	104	102	110	104	99	95	106	99	106	104	96	105	100	89	105	102	98	107	101	99	99	59	56	53	44	57	53	46	57	45	57	54	50	57	52	47	22	21	20	17	17	18	15	18	11	11	9	8	6	11	.	75	59	77	77	66	64	64	64	64	62	59	59	54	54	125	122	120	118	117	118	116	119	113	111	111	113	108	107	112	108	104	92	106	102	108	111	104	106	112	111	108	108	100	95	118	119	119	108	98	99	120	110	128	122	
67	56	99	96	94	94	92	89	89	89	92	93	94	93	94	96	96	102	100	58	104	99	96	107	101	108	106	100	110	106	104	111	110	105	114	111	107	108	77	75	74	66	78	76	72	82	76	84	83	80	86	87	84	56	56	58	58	58	60	60	64	64	68	68	68	69	70	75	.	16	3	5	9	12	11	11	12	14	16	16	21	22	66	60	68	63	59	58	56	58	57	56	56	56	51	50	52	50	47	34	45	42	46	48	39	42	48	46	42	60	54	40	59	62	66	57	45	40	65	59	64	54	
68	64	99	96	93	93	90	88	87	86	89	90	92	89	90	93	94	93	90	62	94	89	86	98	92	99	96	89	100	95	92	101	99	94	104	100	96	98	64	60	59	52	64	62	58	68	60	70	68	65	71	71	69	40	40	42	42	44	45	45	48	48	52	52	52	53	54	59	16	.	18	20	10	11	6	10	11	4	6	10	9	12	72	68	71	66	65	64	62	65	62	60	60	60	56	54	58	56	52	39	51	48	53	56	47	50	56	54	51	62	54	44	65	68	70	59	47	45	70	62	72	65	
69	57	101	99	96	96	94	92	92	92	94	95	96	95	96	99	99	105	102	60	107	102	99	111	105	112	110	104	113	110	107	114	112	108	117	114	110	112	81	78	77	70	82	80	76	86	78	88	86	83	89	89	87	58	58	60	60	60	63	63	66	66	70	70	70	71	72	77	3	18	.	3	11	14	14	14	14	16	18	18	23	23	66	62	69	64	60	59	57	59	58	58	57	57	52	52	53	51	50	36	46	44	47	50	40	44	48	47	44	63	57	42	60	63	68	59	47	41	66	60	65	56	
70	58	104	101	99	99	96	94	94	94	96	98	99	98	99	101	101	107	105	63	108	105	101	113	107	113	112	105	116	111	108	117	114	111	119	117	112	114	82	80	78	71	83	81	77	87	80	89	88	84	90	92	88	58	58	60	60	60	63	63	66	66	70	70	70	71	72	77	5	20	3	.	11	14	14	14	14	16	18	18	23	23	69	64	71	66	63	62	59	62	59	60	59	59	54	53	56	53	52	39	47	46	50	52	42	46	51	50	46	65	59	45	62	65	70	60	50	44	69	63	66	57	
71	64	105	102	99	98	96	93	93	93	95	96	98	96	98	100	100	102	100	64	104	99	95	107	101	108	106	99	110	105	101	111	108	104	113	110	106	107	74	71	70	62	75	72	68	78	70	80	78	75	82	82	78	47	47	50	50	50	52	52	56	56	59	59	59	60	62	66	9	10	11	11	.	4	4	3	4	6	8	8	12	12	74	69	74	69	66	65	63	66	63	63	62	62	58	57	59	57	54	41	52	50	54	57	47	51	56	54	51	66	59	46	66	69	72	63	51	46	71	65	72	64	
72	68	108	106	102	102	100	98	96	96	99	100	101	100	101	104	104	105	102	69	106	101	98	110	104	111	108	101	112	107	104	113	111	106	116	112	107	110	75	72	70	62	75	72	68	78	71	81	78	76	82	82	78	46	45	47	47	47	50	50	54	53	57	57	57	58	59	64	12	11	14	14	4	.	8	3	.	8	6	5	10	10	77	72	78	74	71	70	68	70	68	66	66	66	62	62	64	62	58	45	56	53	58	60	51	54	60	59	56	70	63	51	71	74	77	68	54	51	76	69	76	68	
73	63	101	99	95	95	93	90	89	89	92	93	94	93	94	96	96	98	95	62	99	94	92	104	96	104	101	95	105	101	96	106	104	100	108	106	101	104	70	66	65	58	70	68	64	74	66	76	74	71	77	77	75	45	45	47	47	47	50	50	53	53	57	57	57	58	59	64	11	6	14	14	4	8	.	5	8	3	5	8	10	12	72	68	71	68	65	64	62	64	62	60	60	60	56	54	58	56	52	39	51	48	53	56	46	50	54	53	50	64	56	44	65	68	71	60	48	45	70	63	71	63	
74	66	106	104	100	100	98	95	94	94	96	98	99	98	99	101	101	102	100	66	104	99	95	107	101	108	106	99	110	105	101	111	108	104	113	110	106	107	72	70	69	60	74	71	66	77	69	78	77	74	81	81	77	45	45	47	47	47	50	50	54	53	57	57	57	58	59	64	11	10	14	14	3	3	5	.	3	5	5	5	10	10	76	71	76	71	69	68	65	69	65	65	64	64	60	59	62	59	56	42	54	52	57	59	50	53	58	57	53	68	60	48	69	71	75	65	53	48	74	68	75	66	
75	68	108	106	102	102	100	98	96	96	99	100	101	100	101	104	104	105	102	69	106	101	98	110	104	111	108	101	112	107	104	113	111	106	116	112	107	110	75	72	70	62	75	72	68	78	71	81	78	76	82	82	78	46	45	47	47	47	50	50	54	53	57	57	57	58	59	64	12	11	14	14	4	.	8	3	.	8	6	5	10	10	77	72	78	74	71	70	68	70	68	66	66	66	62	62	64	62	58	45	56	53	58	60	51	54	60	59	56	70	63	51	71	74	77	68	54	51	76	69	76	68	
76	64	102	100	95	95	93	90	90	89	93	94	95	93	94	96	96	96	95	63	98	94	90	102	95	102	100	94	104	100	95	105	102	99	107	105	100	102	68	65	64	56	69	66	62	72	64	74	72	69	76	76	72	42	42	45	45	45	47	47	51	51	54	54	54	56	57	62	14	4	16	16	6	8	3	5	8	.	3	6	8	11	74	69	72	69	66	65	63	66	63	62	62	62	58	56	59	57	53	40	52	50	54	57	47	51	57	54	52	64	57	45	66	69	72	62	50	46	71	64	72	65	
77	68	105	102	99	99	96	94	93	92	95	96	98	95	96	99	100	99	96	66	100	95	92	104	96	104	102	95	106	101	96	106	104	100	110	106	101	104	68	65	64	56	69	66	62	72	64	74	72	69	75	75	72	40	40	42	42	42	45	45	48	48	52	52	52	53	54	59	16	6	18	18	8	6	5	5	6	3	.	4	5	8	77	72	76	71	70	69	66	70	66	65	65	65	60	59	63	60	57	44	56	53	58	60	51	54	60	58	56	68	59	48	70	72	75	65	52	50	75	66	76	69	
78	70	108	106	102	101	100	98	96	95	99	100	101	99	100	102	104	102	100	70	104	99	95	107	100	107	105	99	108	105	100	110	107	104	112	108	105	107	71	68	66	58	71	69	64	75	66	76	75	71	78	77	75	40	40	42	42	42	45	45	50	48	52	52	52	53	54	59	16	10	18	18	8	5	8	5	5	6	4	.	5	5	80	75	80	75	72	72	69	72	69	68	68	68	64	63	65	63	59	46	58	56	60	63	53	57	63	60	58	71	63	51	72	75	78	68	56	52	77	70	78	70	
79	72	107	105	101	100	99	96	95	93	98	99	100	96	99	101	101	99	96	70	99	95	92	104	96	104	101	95	105	100	95	106	104	99	108	105	100	102	66	63	62	52	66	64	58	70	60	71	70	66	72	72	69	35	35	38	38	38	40	40	45	44	47	47	47	48	50	54	21	9	23	23	12	10	10	10	10	8	5	5	.	5	81	76	80	76	74	72	70	74	70	69	69	69	65	63	66	64	60	47	59	57	62	64	56	58	64	63	59	71	63	52	74	76	78	68	56	53	78	70	81	72	
80	75	112	110	106	105	104	100	100	98	102	104	105	101	104	106	106	104	101	74	104	99	96	108	101	108	106	99	110	105	100	111	108	104	113	110	105	107	70	68	65	56	70	68	62	74	64	75	72	70	76	75	72	36	35	39	38	38	41	40	46	44	47	47	47	48	51	54	22	12	23	23	12	10	12	10	10	11	8	5	5	.	84	80	83	80	77	77	74	77	74	72	72	72	69	68	70	68	64	51	63	60	65	68	58	62	68	66	63	75	68	56	77	80	83	72	60	57	82	75	84	76	
81	12	45	42	44	45	42	41	42	53	45	45	47	57	51	52	50	83	82	17	87	84	83	90	87	92	90	88	94	93	99	96	95	94	99	99	95	98	92	92	92	93	95	95	96	99	100	101	101	102	104	107	108	102	105	105	108	111	107	111	108	114	114	116	119	118	116	125	66	72	66	69	74	77	72	76	77	74	77	80	81	84	.	6	11	9	8	8	10	9	11	14	14	12	16	18	14	17	22	34	22	24	20	17	27	23	18	20	23	22	28	30	6	6	10	18	27	27	8	18	9	18	
82	6	50	47	48	50	47	46	47	57	50	50	52	60	56	57	54	86	84	17	89	87	86	93	89	94	93	89	96	95	100	99	98	96	101	101	98	100	92	92	92	92	95	95	95	99	99	101	101	101	104	107	107	100	101	102	105	107	104	107	106	112	112	112	116	114	112	122	60	68	62	64	69	72	68	71	72	69	72	75	76	80	6	.	15	10	8	5	6	3	10	14	12	10	12	15	9	14	18	30	17	20	15	12	22	18	12	15	18	23	28	27	4	8	15	18	24	23	11	18	6	14	
83	21	35	33	34	34	32	30	32	42	34	34	36	45	40	41	39	72	71	10	75	74	72	78	76	80	78	76	83	82	88	86	84	83	88	88	84	87	82	83	83	86	87	87	89	89	93	92	93	94	94	99	100	99	100	101	104	107	102	106	102	111	110	111	114	113	110	120	68	71	69	71	74	78	71	76	78	72	76	80	80	83	11	15	.	6	10	12	15	16	12	11	12	14	17	17	18	18	20	33	24	26	23	22	30	28	24	26	29	12	21	28	14	8	2	11	24	28	4	10	20	28	
84	15	41	39	40	40	38	36	38	46	40	40	41	50	45	46	45	76	75	9	78	77	75	82	80	83	82	80	87	84	90	89	88	86	92	92	88	90	83	83	83	84	87	87	88	90	92	93	93	94	95	99	100	95	98	99	101	104	100	104	101	108	107	108	112	111	108	118	63	66	64	66	69	74	68	71	74	69	71	75	76	80	9	10	6	.	4	6	9	11	6	6	6	8	11	12	12	12	15	28	18	20	17	16	24	22	18	20	23	14	20	23	8	3	5	10	21	22	3	10	16	23	
85	11	46	44	44	44	41	40	41	50	44	44	46	53	48	50	48	78	77	10	82	80	78	86	82	87	86	82	89	87	93	92	90	88	94	94	90	93	84	84	84	86	88	88	89	92	93	94	94	94	96	100	100	95	96	98	100	102	99	102	100	107	106	107	111	110	107	117	59	65	60	63	66	71	65	69	71	66	70	72	74	77	8	8	10	4	.	3	5	8	3	6	5	4	9	10	9	10	14	27	15	17	14	12	21	18	15	16	20	16	21	22	4	3	9	11	20	20	6	11	14	20	
86	8	48	46	46	47	45	42	44	53	47	47	48	57	52	53	52	82	81	12	84	82	81	88	86	89	88	86	93	90	96	95	94	92	98	96	93	96	87	87	87	87	90	90	90	94	94	96	96	96	99	102	102	95	98	98	101	104	100	104	101	107	107	108	111	111	108	118	58	64	59	62	65	70	64	68	70	65	69	72	72	77	8	5	12	6	3	.	3	4	5	9	8	5	9	10	6	9	15	26	14	16	11	10	20	16	12	14	17	18	23	22	2	5	11	14	21	20	9	15	11	16	
87	6	51	48	48	48	46	45	46	54	48	48	51	58	53	54	53	82	81	12	84	82	81	89	86	89	88	86	93	90	95	95	94	92	98	96	93	96	86	86	86	86	89	89	89	93	93	95	95	95	98	101	101	93	95	96	99	101	98	101	99	105	105	106	110	108	106	116	56	62	57	59	63	68	62	65	68	63	66	69	70	74	10	6	15	9	5	3	.	5	4	8	6	4	6	9	4	6	12	23	11	14	9	8	16	14	10	11	15	18	22	21	3	8	14	14	18	17	11	15	12	15	
88	4	52	50	51	51	48	47	48	58	51	51	53	60	57	58	56	86	84	17	89	87	86	93	89	94	93	89	98	95	100	99	98	96	101	101	98	100	90	90	90	90	94	94	94	98	98	100	100	100	102	106	106	98	99	100	102	105	101	105	104	110	110	111	113	112	111	119	58	65	59	62	66	70	64	69	70	66	70	72	74	77	9	3	16	11	8	4	5	.	9	12	11	9	11	14	6	11	17	28	15	17	11	9	18	16	10	11	16	23	27	24	3	9	16	17	23	21	12	18	8	12	
89	11	47	45	45	45	42	41	41	50	45	45	46	53	50	51	50	77	76	9	81	78	76	84	81	86	84	81	88	87	92	90	89	87	93	93	89	92	82	82	82	82	86	86	87	89	89	92	92	92	94	98	98	92	93	94	96	100	95	99	96	104	102	104	107	106	104	113	57	62	58	59	63	68	62	65	68	63	66	69	70	74	11	10	12	6	3	5	4	9	.	4	3	2	5	6	6	6	10	23	12	14	11	10	18	16	12	14	17	15	18	18	6	6	11	9	16	16	9	10	16	20	
90	15	46	44	42	42	40	38	39	47	41	42	44	51	46	48	47	74	72	5	77	75	72	81	77	82	81	77	84	82	88	87	86	83	89	89	86	88	78	78	78	78	82	82	83	86	87	88	88	88	90	94	94	89	92	92	94	98	93	98	94	101	100	101	105	104	101	111	56	60	58	60	63	66	60	65	66	62	65	68	69	72	14	14	11	6	6	9	8	12	4	.	2	4	6	6	9	8	9	22	14	15	12	12	20	17	16	16	18	11	15	17	10	8	10	5	14	16	9	6	20	23	
91	14	47	45	44	45	41	40	41	48	44	44	46	52	48	50	48	75	74	6	78	76	75	82	78	83	82	78	87	84	89	88	87	86	90	90	87	89	80	80	80	80	83	83	84	87	87	89	89	89	92	95	95	89	92	92	95	98	94	98	95	101	101	102	105	105	102	111	56	60	57	59	62	66	60	64	66	62	65	68	69	72	14	12	12	6	5	8	6	11	3	2	.	3	5	5	8	6	9	22	12	14	11	10	18	16	14	15	17	12	16	17	9	8	11	6	14	16	10	9	18	22	
92	10	48	46	46	46	44	41	42	51	46	46	47	54	51	52	51	78	77	9	81	78	77	86	82	86	84	81	89	87	92	92	90	88	94	93	89	92	82	82	82	82	86	86	86	89	89	92	92	92	94	98	98	90	93	94	96	99	95	99	96	102	102	104	107	106	104	113	56	60	57	59	62	66	60	64	66	62	65	68	69	72	12	10	14	8	4	5	4	9	2	4	3	.	4	6	5	5	10	22	11	12	10	9	17	15	11	12	16	15	18	18	6	6	12	10	16	16	10	11	16	18	
93	12	52	50	48	48	46	45	45	52	47	48	50	56	52	54	53	78	77	10	81	78	77	86	81	86	84	81	89	87	90	92	89	87	93	93	89	92	80	80	80	78	83	83	83	87	87	89	89	89	92	95	95	87	89	89	92	95	92	95	93	99	99	100	102	102	100	108	51	56	52	54	58	62	56	60	62	58	60	64	65	69	16	12	17	11	9	9	6	11	5	6	5	4	.	3	5	2	6	17	8	9	6	6	14	11	10	10	12	16	17	14	10	11	16	10	12	11	14	12	18	20	
94	15	52	50	48	48	46	44	45	51	47	47	50	54	51	53	52	76	75	10	80	76	75	83	80	84	83	78	87	84	88	89	88	86	92	90	87	89	77	77	77	76	81	81	81	84	84	87	87	87	89	93	93	84	87	88	90	93	89	93	90	96	96	98	101	100	98	107	50	54	52	53	57	62	54	59	62	56	59	63	63	68	18	15	17	12	10	10	9	14	6	6	5	6	3	.	8	3	4	16	8	9	8	9	14	11	12	11	14	15	15	12	11	12	16	9	10	10	15	11	21	22	
95	8	53	51	51	52	48	47	48	56	51	51	53	59	56	57	56	83	81	15	86	83	82	89	86	90	89	86	94	92	95	95	94	92	98	98	94	96	84	84	84	83	88	88	88	92	92	94	94	94	96	100	100	90	93	93	95	98	95	98	96	102	102	104	106	106	104	112	52	58	53	56	59	64	58	62	64	59	63	65	66	70	14	9	18	12	9	6	4	6	6	9	8	5	5	8	.	5	11	21	8	10	5	4	12	10	6	8	11	20	22	17	6	11	17	15	17	14	15	16	15	15	
96	12	53	51	50	50	47	45	46	53	48	50	51	57	53	56	53	78	77	11	82	80	77	86	82	87	86	82	89	87	92	92	90	88	94	94	89	93	80	80	80	78	83	83	83	87	87	89	89	89	92	95	95	87	88	89	92	94	90	94	92	99	98	99	102	101	99	108	50	56	51	53	57	62	56	59	62	57	60	63	64	68	17	14	18	12	10	9	6	11	6	8	6	5	2	3	5	.	6	17	6	8	5	6	12	10	9	9	11	17	17	14	10	12	17	11	12	10	15	14	18	18	
97	18	53	51	48	48	46	44	45	50	47	48	50	53	51	53	52	74	72	11	77	74	72	81	77	82	81	76	84	82	86	87	86	83	89	88	84	87	74	74	74	72	77	77	77	81	81	83	83	83	86	89	89	81	83	83	87	89	86	89	87	93	93	94	96	96	94	104	47	52	50	52	54	58	52	56	58	53	57	59	60	64	22	18	20	15	14	15	12	17	10	9	9	10	6	4	11	6	.	14	9	8	10	11	14	12	15	14	15	15	12	9	16	16	18	10	6	9	18	12	24	24	
98	27	65	63	60	60	58	56	56	58	58	59	60	62	60	63	63	78	76	23	81	77	75	84	80	86	84	78	88	84	87	89	88	84	93	90	87	89	69	69	68	66	72	71	71	76	75	78	77	77	81	83	83	70	71	72	75	77	75	77	76	82	82	83	86	86	83	92	34	39	36	39	41	45	39	42	45	40	44	46	47	51	34	30	33	28	27	26	23	28	23	22	22	22	17	16	21	17	14	.	14	10	16	18	12	15	20	18	17	27	21	6	27	29	32	22	11	6	32	24	35	30	
99	14	59	57	56	56	53	51	52	58	54	56	57	62	59	60	59	82	81	17	86	82	81	89	86	90	89	84	93	90	94	95	94	92	98	96	93	95	80	80	80	78	83	83	83	87	87	89	89	89	92	95	95	83	86	87	88	90	88	92	90	95	95	96	99	99	96	106	45	51	46	47	52	56	51	54	56	52	56	58	59	63	22	17	24	18	15	14	11	15	12	14	12	11	8	8	8	6	9	14	.	3	3	5	6	4	8	6	6	22	21	12	15	17	23	16	12	6	21	18	22	18	
100	16	60	58	56	57	53	52	52	58	54	56	57	62	59	60	60	82	80	18	84	81	80	88	84	89	88	83	92	89	92	94	93	89	96	95	92	94	77	77	77	76	81	81	81	84	84	87	87	87	89	93	93	81	82	83	86	88	86	88	87	93	93	94	96	96	94	102	42	48	44	46	50	53	48	52	53	50	53	56	57	60	24	20	26	20	17	16	14	17	14	15	14	12	9	9	10	8	8	10	3	.	5	8	5	5	10	9	8	22	21	10	17	20	24	17	11	4	22	20	24	21	
101	10	58	56	54	56	52	51	52	58	54	54	57	62	59	60	59	83	82	17	87	83	82	90	87	92	90	86	94	92	95	96	95	93	99	98	94	96	82	82	82	81	86	86	86	89	89	92	92	92	94	98	98	87	88	89	92	94	90	94	93	98	98	99	102	101	100	108	46	53	47	50	54	58	53	57	58	54	58	60	62	65	20	15	23	17	14	11	9	11	11	12	11	10	6	8	5	5	10	16	3	5	.	3	8	5	5	4	6	22	22	15	12	16	22	16	15	9	20	18	18	16	
102	8	57	54	54	54	52	51	51	59	54	54	57	63	59	60	59	84	83	17	88	86	83	92	88	93	92	88	95	93	98	98	96	94	100	100	95	98	84	84	84	83	88	88	88	92	92	94	94	94	96	100	100	89	90	92	94	96	93	96	95	101	101	102	105	104	102	111	48	56	50	52	57	60	56	59	60	57	60	63	64	68	17	12	22	16	12	10	8	9	10	12	10	9	6	9	4	6	11	18	5	8	3	.	10	6	3	4	8	23	23	17	10	15	21	17	17	11	18	18	16	14	
103	17	65	63	62	62	59	57	58	63	60	60	63	66	64	66	65	87	84	23	89	86	84	93	89	94	93	88	96	94	96	99	98	94	101	100	96	99	81	80	80	78	84	83	83	88	87	90	89	89	93	95	95	81	82	84	86	88	86	88	88	93	93	94	96	96	95	104	39	47	40	42	47	51	46	50	51	47	51	53	56	58	27	22	30	24	21	20	16	18	18	20	18	17	14	14	12	12	14	12	6	5	8	10	.	3	9	8	5	28	26	14	20	23	29	22	16	6	27	24	26	18	
104	14	63	60	59	60	57	56	56	63	59	59	60	66	63	65	64	87	86	22	89	87	84	94	89	94	93	89	98	94	98	99	98	95	101	101	96	99	83	82	82	81	86	86	86	89	89	92	92	92	94	98	98	84	86	87	89	92	89	92	90	96	96	98	100	99	98	106	42	50	44	46	51	54	50	53	54	51	54	57	58	62	23	18	28	22	18	16	14	16	16	17	16	15	11	11	10	10	12	15	4	5	5	6	3	.	6	4	3	27	26	15	16	21	27	21	16	9	24	23	22	16	
105	8	60	58	58	58	56	53	54	63	57	58	59	66	62	64	62	88	87	21	92	88	87	95	92	96	95	90	99	96	100	101	100	98	104	102	99	101	87	87	87	86	90	90	90	94	94	96	96	96	99	102	102	90	92	93	95	98	94	98	96	101	102	104	106	105	104	112	48	56	48	51	56	60	54	58	60	57	60	63	64	68	18	12	24	18	15	12	10	10	12	16	14	11	10	12	6	9	15	20	8	10	5	3	9	6	.	2	5	27	27	20	12	17	23	21	20	14	21	22	16	11	
106	9	60	59	58	59	56	54	56	63	58	58	60	66	63	64	63	88	87	21	90	88	86	95	90	96	94	90	99	96	100	101	99	96	104	102	99	101	86	86	86	84	89	89	89	93	93	95	95	95	98	101	101	88	90	92	93	95	93	96	95	100	100	101	104	104	102	111	46	54	47	50	54	59	53	57	59	54	58	60	63	66	20	15	26	20	16	14	11	11	14	16	15	12	10	11	8	9	14	18	6	9	4	4	8	4	2	.	4	27	27	18	14	18	24	21	18	12	22	22	17	12	
107	12	64	62	62	62	59	57	58	65	60	62	63	69	65	66	65	89	88	23	92	89	87	96	92	98	95	92	100	98	100	102	100	98	105	104	99	102	86	84	84	83	88	88	88	92	92	94	94	94	96	100	100	86	88	89	90	93	90	93	93	98	98	99	101	101	100	108	42	51	44	46	51	56	50	53	56	52	56	58	59	63	23	18	29	23	20	17	15	16	17	18	17	16	12	14	11	11	15	17	6	8	6	8	5	3	5	4	.	29	28	17	17	22	28	23	20	11	26	26	21	14	
108	26	39	36	34	34	32	29	29	36	32	33	34	40	36	38	38	63	62	6	66	64	63	70	66	71	70	66	74	71	77	76	75	72	78	78	75	77	70	71	71	74	74	75	76	77	80	80	80	81	82	87	88	87	89	89	93	95	90	95	92	99	98	99	102	101	98	108	60	62	63	65	66	70	64	68	70	64	68	71	71	75	22	23	12	14	16	18	18	23	15	11	12	15	16	15	20	17	15	27	22	22	22	23	28	27	27	27	29	.	9	21	20	16	12	6	16	23	15	4	29	34	
109	29	45	42	40	40	38	35	35	38	38	39	40	41	40	42	42	62	60	11	64	62	59	69	64	69	68	64	72	69	74	74	72	70	76	76	72	75	64	64	64	65	68	68	69	71	72	74	74	74	76	80	81	78	81	81	84	87	82	87	83	90	89	90	94	93	89	100	54	54	57	59	59	63	56	60	63	57	59	63	63	68	28	28	21	20	21	23	22	27	18	15	16	18	17	15	22	17	12	21	21	21	22	23	26	26	27	27	28	9	.	15	24	22	20	10	10	20	21	10	34	36	
110	24	59	57	54	54	52	50	50	53	52	53	54	57	56	57	57	74	72	18	76	72	71	81	76	81	80	75	84	81	83	86	84	81	88	87	83	86	68	68	68	66	71	71	71	75	75	77	77	77	80	83	83	72	75	76	78	81	77	81	78	86	84	86	89	88	86	95	40	44	42	45	46	51	44	48	51	45	48	51	52	56	30	27	28	23	22	22	21	24	18	17	17	18	14	12	17	14	9	6	12	10	15	17	14	15	20	18	17	21	15	.	23	24	27	16	5	6	27	18	32	30	
111	6	48	46	47	47	45	44	45	54	47	47	50	58	53	54	52	82	82	14	86	83	82	89	87	90	89	87	94	92	96	96	95	93	98	98	94	98	88	88	88	88	92	92	92	95	95	98	98	98	100	104	104	96	99	99	101	105	101	105	102	108	108	110	112	112	110	118	59	65	60	62	66	71	65	69	71	66	70	72	74	77	6	4	14	8	4	2	3	3	6	10	9	6	10	11	6	10	16	27	15	17	12	10	20	16	12	14	17	20	24	23	.	5	12	15	22	20	9	16	10	15	
112	12	44	41	41	42	40	38	40	50	42	42	44	52	47	48	47	78	77	11	81	80	78	86	82	87	86	82	89	88	93	92	90	89	94	94	90	93	86	86	86	87	89	89	90	93	94	95	95	95	98	101	102	96	99	100	102	105	101	105	102	110	108	110	113	112	110	119	62	68	63	65	69	74	68	71	74	69	72	75	76	80	6	8	8	3	3	5	8	9	6	8	8	6	11	12	11	12	16	29	17	20	16	15	23	21	17	18	22	16	22	24	5	.	6	12	22	22	4	12	12	21	
113	20	36	34	35	35	33	32	33	42	35	35	38	46	41	42	40	72	71	9	76	74	72	80	76	81	80	77	83	82	88	86	84	83	88	88	84	88	82	83	83	86	87	87	89	89	92	92	93	93	94	99	100	98	100	100	104	106	101	106	102	110	108	110	113	112	110	119	66	70	68	70	72	77	71	75	77	72	75	78	78	83	10	15	2	5	9	11	14	16	11	10	11	12	16	16	17	17	18	32	23	24	22	21	29	27	23	24	28	12	20	27	12	6	.	11	23	27	3	10	18	28	
114	21	44	41	39	39	36	34	35	42	38	39	40	46	42	44	42	69	68	2	71	69	68	75	71	76	75	71	80	77	82	82	81	78	83	83	80	82	74	74	74	75	77	77	78	81	82	83	83	83	86	89	90	87	89	89	92	95	90	95	92	99	98	99	102	101	99	108	57	59	59	60	63	68	60	65	68	62	65	68	68	72	18	18	11	10	11	14	14	17	9	5	6	10	10	9	15	11	10	22	16	17	16	17	22	21	21	21	23	6	10	16	15	12	11	.	12	18	11	3	24	28	
115	24	54	52	50	50	47	45	45	48	47	48	50	52	51	52	52	70	69	14	72	70	68	77	72	78	76	72	81	78	81	83	81	78	86	84	80	83	68	68	68	66	71	71	71	75	75	77	77	77	80	83	83	75	77	78	81	83	80	83	81	88	87	88	92	90	88	98	45	47	47	50	51	54	48	53	54	50	52	56	56	60	27	24	24	21	20	21	18	23	16	14	14	16	12	10	17	12	6	11	12	11	15	17	16	16	20	18	20	16	10	5	22	22	23	12	.	9	23	15	30	30	
116	20	62	59	57	57	54	52	52	57	56	56	58	60	59	60	60	80	78	20	82	80	77	87	82	87	86	81	90	87	89	92	90	88	94	93	89	92	74	74	74	72	77	77	77	81	81	83	83	83	86	89	89	77	78	80	82	84	82	84	83	89	89	90	93	92	90	99	40	45	41	44	46	51	45	48	51	46	50	52	53	57	27	23	28	22	20	20	17	21	16	16	16	16	11	10	14	10	9	6	6	4	9	11	6	9	14	12	11	23	20	6	20	22	27	18	9	.	26	21	28	24	
117	16	40	38	38	39	36	34	36	46	39	39	40	50	44	45	44	76	75	10	78	77	76	82	80	83	82	80	87	84	92	89	88	87	92	92	88	90	84	84	86	87	88	89	90	92	94	94	94	95	96	101	101	98	100	101	104	106	102	106	104	111	110	111	114	113	110	120	65	70	66	69	71	76	70	74	76	71	75	77	78	82	8	11	4	3	6	9	11	12	9	9	10	10	14	15	15	15	18	32	21	22	20	18	27	24	21	22	26	15	21	27	9	4	3	11	23	26	.	11	16	24	
118	22	41	39	36	36	34	32	33	40	35	36	38	44	40	41	40	68	66	2	70	68	66	74	71	75	74	71	78	76	82	81	80	77	82	82	78	82	74	74	74	76	77	77	80	81	83	83	83	84	86	89	90	88	90	90	94	96	92	96	93	100	99	100	104	102	100	110	59	62	60	63	65	69	63	68	69	64	66	70	70	75	18	18	10	10	11	15	15	18	10	6	9	11	12	11	16	14	12	24	18	20	18	18	24	23	22	22	26	4	10	18	16	12	10	3	15	21	11	.	24	30	
119	9	52	51	52	53	51	50	51	62	53	53	56	65	59	60	58	92	90	23	94	93	90	98	95	99	98	95	102	100	106	105	104	101	107	107	104	106	98	98	98	98	101	101	101	105	105	107	107	107	110	113	113	105	107	107	110	112	110	113	111	117	117	118	120	120	118	128	64	72	65	66	72	76	71	75	76	72	76	78	81	84	9	6	20	16	14	11	12	8	16	20	18	16	18	21	15	18	24	35	22	24	18	16	26	22	16	17	21	29	34	32	10	12	18	24	30	28	16	24	.	12	
120	9	63	62	62	63	60	59	60	69	63	63	65	72	69	70	68	96	95	28	100	98	96	104	100	105	104	100	108	106	110	110	108	107	112	112	108	111	98	98	98	96	101	101	101	105	105	107	107	107	110	113	113	100	101	102	105	107	105	107	107	112	112	113	116	116	113	122	54	65	56	57	64	68	63	66	68	65	69	70	72	76	18	14	28	23	20	16	15	12	20	23	22	18	20	22	15	18	24	30	18	21	16	14	18	16	11	12	14	34	36	30	15	21	28	28	30	24	24	30	12	.	
;

param Q:=
0	0.0
1	25.0
2	7.0
3	13.0
4	6.0
5	14.0
6	5.0
7	11.0
8	19.0
9	5.0
10	15.0
11	15.0
12	17.0
13	13.0
14	12.0
15	18.0
16	13.0
17	18.0
18	12.0
19	17.0
20	4.0
21	7.0
22	12.0
23	13.0
24	8.0
25	16.0
26	15.0
27	6.0
28	5.0
29	9.0
30	11.0
31	10.0
32	3.0
33	7.0
34	2.0
35	4.0
36	4.0
37	18.0
38	14.0
39	12.0
40	17.0
41	20.0
42	14.0
43	16.0
44	10.0
45	9.0
46	11.0
47	7.0
48	13.0
49	5.0
50	4.0
51	21.0
52	13.0
53	11.0
54	12.0
55	14.0
56	10.0
57	8.0
58	16.0
59	19.0
60	5.0
61	17.0
62	7.0
63	16.0
64	14.0
65	17.0
66	13.0
67	17.0
68	13.0
69	14.0
70	16.0
71	7.0
72	13.0
73	9.0
74	11.0
75	35.0
76	5.0
77	28.0
78	7.0
79	3.0
80	10.0
81	7.0
82	12.0
83	11.0
84	10.0
85	8.0
86	11.0
87	21.0
88	4.0
89	15.0
90	16.0
91	4.0
92	16.0
93	7.0
94	10.0
95	9.0
96	11.0
97	17.0
98	12.0
99	11.0
100	7.0
101	9.0
102	11.0
103	12.0
104	7.0
105	8.0
106	6.0
107	5.0
108	12.0
109	13.0
110	7.0
111	7.0
112	8.0
113	11.0
114	13.0
115	11.0
116	10.0
117	7.0
118	4.0
119	20.0
120	13.0
