param n:=75;
param v:=5;

param T:
	0	1	2	3	4	5	6	7	8	9	10	11	12	13	14	15	16	17	18	19	20	21	22	23	24	25	26	27	28	29	30	31	32	33	34	35	36	37	38	39	40	41	42	43	44	45	46	47	48	49	50	51	52	53	54	55	56	57	58	59	60	61	62	63	64	65	66	67	68	69	70	71	72	73	74	75=
0	.	30	17	23	9	30	11	17	18	28	32	35	15	27	33	33	23	10	41	28	44	33	36	38	40	40	8	20	29	22	17	45	27	21	12	22	40	39	32	27	17	44	44	38	24	17	14	32	24	34	35	14	17	27	33	51	45	34	24	46	52	41	27	27	52	38	44	6	9	45	50	47	24	24	24	4	
1	30	.	17	28	32	40	20	47	48	45	57	65	38	51	64	48	17	29	44	57	53	28	11	15	30	51	36	42	17	36	26	65	38	10	40	52	41	46	60	46	35	14	12	8	32	35	42	34	32	22	41	22	42	58	58	59	20	52	51	76	54	26	10	10	22	66	74	36	23	40	56	48	48	6	22	28	
2	17	17	.	29	15	23	10	33	32	41	48	52	30	33	48	32	22	22	48	41	39	18	20	30	40	51	24	24	12	20	9	60	36	12	23	36	29	32	50	41	29	30	29	26	32	17	26	21	16	32	44	17	26	44	41	62	36	35	41	60	42	24	10	20	35	56	60	22	9	32	41	38	41	11	9	14	
3	23	28	29	.	32	51	20	35	41	17	34	47	18	51	51	56	11	15	20	50	65	47	39	23	17	23	24	42	39	44	35	39	10	20	35	41	58	59	40	21	12	35	38	32	4	39	36	50	44	14	15	12	40	44	56	33	30	57	29	63	71	50	32	18	48	46	54	29	24	60	70	66	24	26	38	24	
4	9	32	15	32	.	22	15	18	17	36	38	38	22	21	33	24	29	18	50	26	35	27	35	41	46	48	14	12	26	14	11	52	35	23	9	22	32	30	38	35	26	45	44	40	33	9	11	24	17	40	44	20	11	29	27	59	48	26	30	46	44	36	26	30	51	42	46	9	9	38	41	40	32	26	18	6	
5	30	40	23	51	22	.	32	36	30	58	58	54	44	20	45	10	45	39	70	34	15	16	35	53	64	70	35	17	24	8	16	72	56	36	24	36	12	9	56	57	47	52	48	47	53	14	27	9	9	56	64	39	22	45	29	81	59	15	51	56	22	28	30	44	51	60	63	29	26	20	20	18	53	34	18	27	
6	11	20	10	20	15	32	.	28	29	30	39	46	21	35	45	36	15	12	39	39	46	28	27	27	33	41	17	27	22	24	15	51	26	10	22	33	38	40	41	32	20	33	32	27	22	21	23	30	23	26	34	8	26	38	41	51	34	39	32	57	52	34	17	16	41	47	53	17	6	41	51	46	32	14	18	9	
7	17	47	33	35	18	36	28	.	9	30	22	18	18	23	16	34	39	22	50	15	47	45	53	53	52	42	11	20	45	29	30	39	34	38	12	6	48	44	20	27	24	60	60	56	35	24	10	42	35	47	42	28	15	10	23	53	60	33	17	29	58	56	44	44	69	24	28	11	24	56	53	54	22	41	38	20	
8	18	48	32	41	17	30	29	9	.	39	30	24	24	15	16	27	42	27	57	9	39	40	52	57	58	51	17	14	42	23	27	47	40	40	9	6	42	36	27	35	30	62	60	56	41	18	6	36	30	52	50	32	9	15	15	62	63	24	26	29	50	52	42	46	68	30	33	12	24	50	46	48	30	42	35	21	
9	28	45	41	17	36	58	30	30	39	.	18	35	15	52	44	60	28	20	21	45	72	59	56	41	29	12	23	46	52	51	45	21	9	36	36	36	68	66	27	5	11	53	56	50	15	45	36	60	52	30	14	24	42	35	53	23	47	60	17	53	80	64	47	35	66	32	40	30	34	72	77	76	11	42	50	32	
10	32	57	48	34	38	58	39	22	30	18	.	18	18	46	28	57	42	28	39	34	70	64	65	57	48	28	24	42	60	50	48	16	27	47	33	26	69	65	9	14	22	68	69	63	32	45	32	62	54	47	32	35	38	21	44	36	64	56	8	36	80	72	57	50	78	12	22	29	40	75	76	76	9	52	56	35	
11	35	65	52	47	38	54	46	18	24	35	18	.	29	36	12	50	53	36	56	22	63	64	71	69	63	46	28	38	63	47	48	32	42	56	30	18	66	60	10	30	35	77	77	72	46	42	28	60	53	60	50	44	33	10	32	54	76	47	18	18	74	74	62	59	87	9	9	30	44	74	70	72	24	59	57	38	
12	15	38	30	18	22	44	21	18	24	15	18	29	.	38	33	46	24	9	32	33	58	47	47	40	35	27	9	32	42	36	32	30	16	28	22	24	54	52	23	12	6	50	51	45	17	30	22	47	39	32	24	16	28	24	40	38	46	46	12	45	66	54	38	30	60	29	36	16	22	59	64	62	11	34	38	17	
13	27	51	33	51	21	20	35	23	15	52	46	36	38	.	27	14	50	36	69	16	26	34	51	62	66	64	28	9	40	16	26	62	52	44	16	20	32	24	41	48	42	64	62	58	52	16	16	28	23	60	62	40	10	28	9	75	68	10	40	36	38	46	42	51	66	45	45	22	29	40	33	36	44	44	32	27	
14	33	64	48	51	33	45	45	16	16	44	28	12	33	27	.	40	56	38	64	11	52	57	68	70	68	54	28	29	59	39	44	44	48	54	24	11	57	51	21	39	39	77	76	71	50	35	22	52	46	64	57	45	24	9	20	64	77	36	27	12	64	69	58	59	84	21	18	27	40	65	59	63	33	58	52	35	
15	33	48	32	56	24	10	36	34	27	60	57	50	46	14	40	.	51	42	74	29	12	26	45	62	70	72	36	15	34	12	23	72	59	44	24	32	20	11	53	58	50	60	58	56	57	16	26	18	17	62	68	44	20	40	21	83	68	5	51	48	24	38	39	51	60	57	58	29	30	28	20	23	54	42	27	30	
16	23	17	22	11	29	45	15	39	42	28	42	53	24	50	56	51	.	17	28	51	60	39	28	15	18	34	27	41	29	39	29	50	21	10	35	44	51	53	47	30	20	26	27	21	15	35	36	42	36	11	24	10	40	47	56	42	22	53	36	68	64	40	22	8	38	53	60	29	21	52	64	59	33	16	29	23	
17	10	29	22	15	18	39	12	22	27	20	28	36	9	36	38	42	17	.	32	35	53	39	38	33	32	30	10	29	34	32	24	39	17	20	21	27	47	47	32	20	8	41	41	36	15	27	22	40	33	26	26	8	26	30	41	41	40	44	21	51	60	46	29	23	51	38	44	15	15	52	58	56	20	24	30	11	
18	41	44	48	20	50	70	39	50	57	21	39	56	32	69	64	74	28	32	.	64	84	66	56	34	16	14	40	60	57	63	54	35	16	38	53	56	77	78	47	26	26	47	51	45	17	58	53	69	63	22	8	32	58	56	71	17	38	76	38	74	90	68	50	34	62	52	60	46	45	80	89	86	32	44	57	44	
19	28	57	41	50	26	34	39	15	9	45	34	22	33	16	11	29	51	35	64	.	41	47	60	65	66	57	26	18	50	29	35	50	48	48	17	9	46	40	28	41	39	70	70	65	50	26	15	42	36	60	57	41	15	14	10	68	72	26	30	21	53	59	51	54	76	30	29	22	34	54	48	52	35	51	42	29	
20	44	53	39	65	35	15	46	47	39	72	70	63	58	26	52	12	60	53	84	41	.	27	48	68	78	84	48	27	38	22	30	86	70	51	36	45	15	8	66	70	60	65	62	60	68	27	38	20	23	71	80	53	32	53	33	95	74	16	63	60	12	38	44	58	62	70	70	42	40	22	8	14	66	48	32	41	
21	33	28	18	47	27	16	28	45	40	59	64	64	47	34	57	26	39	39	66	47	27	.	22	44	57	69	40	28	11	18	16	77	54	29	33	46	12	20	64	59	47	39	35	34	50	22	35	8	10	48	62	36	32	54	44	80	47	30	57	69	26	12	18	35	36	69	72	35	24	12	27	21	57	24	10	29	
22	36	11	20	39	35	35	27	53	52	56	65	71	47	51	68	45	28	38	56	60	48	22	.	26	42	62	44	42	11	35	26	76	48	20	44	57	34	41	69	57	45	17	14	14	42	35	46	29	28	34	53	32	45	63	59	71	28	50	59	81	47	15	10	22	16	74	80	41	28	30	48	40	57	14	18	33	
23	38	15	30	23	41	53	27	53	57	41	57	69	40	62	70	62	15	33	34	65	68	44	26	.	18	44	41	53	32	50	39	63	33	18	48	59	56	60	63	45	35	14	17	12	27	47	51	50	45	12	34	26	53	63	69	51	6	65	52	83	70	40	24	11	28	69	76	44	33	54	70	64	48	20	36	36	
24	40	30	40	17	46	64	33	52	58	29	48	63	35	66	68	70	18	32	16	66	78	57	42	18	.	28	41	58	46	58	47	48	22	28	52	58	69	71	56	34	29	32	36	30	17	53	53	62	56	9	18	27	57	60	72	33	22	72	45	80	83	57	39	22	46	60	69	46	39	70	82	77	39	33	48	40	
25	40	51	51	23	48	70	41	42	51	12	28	46	27	64	54	72	34	30	14	57	84	69	62	44	28	.	36	58	62	62	56	22	15	44	48	48	78	78	36	16	23	57	60	54	20	57	48	71	64	32	10	33	54	46	66	11	48	72	28	64	92	74	54	41	71	40	48	42	45	82	89	87	22	50	59	42	
26	8	36	24	24	14	35	17	11	17	23	24	28	9	28	28	36	27	10	40	26	48	40	44	41	41	36	.	22	36	27	24	38	24	27	12	17	46	44	24	21	14	50	50	44	24	22	12	39	30	36	33	16	18	21	32	47	48	36	17	41	57	48	34	32	58	30	36	6	16	51	54	53	18	32	32	11	
27	20	42	24	42	12	17	27	20	14	46	42	38	32	9	29	15	41	29	60	18	27	28	42	53	58	58	22	.	32	10	17	58	46	35	9	20	29	23	39	44	35	56	53	50	44	8	10	23	17	52	54	32	5	28	16	69	59	15	36	40	38	40	34	42	59	44	46	15	21	36	34	35	39	35	24	18	
28	29	17	12	39	26	24	22	45	42	52	60	63	42	40	59	34	29	34	57	50	38	11	11	32	46	62	36	32	.	23	15	72	47	18	34	47	23	30	62	53	41	28	24	23	41	24	36	18	16	38	53	28	35	54	48	71	36	38	53	71	38	12	8	24	27	68	72	33	21	23	39	32	53	14	8	26	
29	22	36	20	44	14	8	24	29	23	51	50	47	36	16	39	12	39	32	63	29	22	18	35	50	58	62	27	10	23	.	11	65	48	32	17	29	20	16	48	48	39	50	46	44	46	5	20	14	8	50	57	32	15	38	26	72	56	16	44	51	30	30	27	39	51	53	56	21	18	27	27	27	46	30	16	20	
30	17	26	9	35	11	16	15	30	27	45	48	48	32	26	44	23	29	24	54	35	30	16	26	39	47	56	24	17	15	11	.	62	41	21	18	32	23	24	48	44	33	39	36	33	38	10	21	16	9	40	50	23	20	40	34	66	45	27	41	56	36	26	17	28	42	53	58	20	10	28	35	32	41	20	8	14	
31	45	65	60	39	52	72	51	39	47	21	16	32	30	62	44	72	50	39	35	50	86	77	76	63	48	22	38	58	72	65	62	.	29	57	48	42	83	81	22	20	32	74	77	70	35	59	47	76	69	51	30	45	53	36	60	26	68	71	22	48	95	84	68	57	87	23	32	44	52	89	92	92	20	63	68	48	
32	27	38	36	10	35	56	26	34	40	9	27	42	16	52	48	59	21	17	16	48	70	54	48	33	22	15	24	46	47	48	41	29	.	29	36	40	64	64	34	12	10	45	47	41	6	44	38	57	50	22	9	18	42	40	56	24	39	60	23	59	77	59	40	28	58	39	47	30	30	68	75	72	17	35	45	29	
33	21	10	12	20	23	36	10	38	40	36	47	56	28	44	54	44	10	20	38	48	51	29	20	18	28	44	27	35	18	32	21	57	29	.	32	42	40	44	51	38	26	22	22	17	23	29	34	33	28	20	35	12	35	48	51	53	24	47	41	68	54	30	11	8	32	57	64	28	15	41	54	48	39	6	20	20	
34	12	40	23	35	9	24	22	12	9	36	33	30	22	16	24	24	35	21	53	17	36	33	44	48	52	48	12	9	34	17	18	48	36	32	.	14	36	32	32	34	27	53	52	47	36	12	3	30	23	46	46	26	5	21	21	60	56	23	27	38	46	44	34	38	59	36	39	6	16	44	42	44	30	34	27	12	
35	22	52	36	41	22	36	33	6	6	36	26	18	24	20	11	32	44	27	56	9	45	46	57	59	58	48	17	20	47	29	32	42	40	42	14	.	48	42	21	32	30	65	64	59	41	24	10	42	35	53	48	34	15	9	18	59	66	30	22	24	56	57	47	48	72	24	27	15	29	56	52	54	27	46	40	23	
36	40	41	29	58	32	12	38	48	42	68	69	66	54	32	57	20	51	47	77	46	15	12	34	56	69	78	46	29	23	20	23	83	64	40	36	48	.	9	68	66	56	51	47	47	60	24	39	8	15	60	72	46	34	57	40	89	60	24	62	68	14	22	32	47	47	72	75	40	34	9	15	9	64	36	21	36	
37	39	46	32	59	30	9	40	44	36	66	65	60	52	24	51	11	53	47	78	40	8	20	41	60	71	78	44	23	30	16	24	81	64	44	32	42	9	.	63	65	56	58	54	53	62	22	34	12	16	64	72	47	28	51	32	89	65	16	59	60	14	30	36	51	56	66	69	36	34	17	11	12	62	41	24	35	
38	32	60	50	40	38	56	41	20	27	27	9	10	23	41	21	53	47	32	47	28	66	64	69	63	56	36	24	39	62	48	48	22	34	51	32	21	68	63	.	22	28	72	74	68	38	44	29	62	54	53	40	39	34	15	39	45	69	51	11	28	77	74	59	54	82	6	14	29	41	75	74	75	16	56	56	35	
39	27	46	41	21	35	57	32	27	35	5	14	30	12	48	39	58	30	20	26	41	70	59	57	45	34	16	21	44	53	48	44	20	12	38	34	32	66	65	22	.	12	56	58	52	18	44	33	59	51	34	18	26	39	30	50	27	51	58	12	48	78	65	48	38	69	27	35	28	34	71	76	75	6	44	50	30	
40	17	35	29	12	26	47	20	24	30	11	22	35	6	42	39	50	20	8	26	39	60	47	45	35	29	23	14	35	41	39	33	32	10	26	27	30	56	56	28	12	.	45	47	41	11	34	27	48	41	26	20	14	32	30	46	34	41	50	17	51	69	53	36	27	57	34	41	21	22	60	66	64	14	32	38	20	
41	44	14	30	35	45	52	33	60	62	53	68	77	50	64	77	60	26	41	47	70	65	39	17	14	32	57	50	56	28	50	39	74	45	22	53	65	51	58	72	56	45	.	5	5	39	48	56	46	44	26	47	33	56	70	72	64	12	64	62	89	64	32	22	18	15	78	86	50	36	48	65	58	58	20	34	41	
42	44	12	29	38	44	48	32	60	60	56	69	77	51	62	76	58	27	41	51	70	62	35	14	17	36	60	50	53	24	46	36	77	47	22	52	64	47	54	74	58	47	5	.	6	41	46	54	42	40	29	51	34	54	70	70	68	17	62	63	89	60	27	20	20	11	80	86	50	35	44	62	53	60	18	30	40	
43	38	8	26	32	40	47	27	56	56	50	63	72	45	58	71	56	21	36	45	65	60	34	14	12	30	54	44	50	23	44	33	70	41	17	47	59	47	53	68	52	41	5	6	.	35	42	50	41	39	23	45	28	51	65	66	62	14	59	57	84	60	28	17	14	17	74	81	45	32	45	62	54	54	15	29	36	
44	24	32	32	4	33	53	22	35	41	15	32	46	17	52	50	57	15	15	17	50	68	50	42	27	17	20	24	44	41	46	38	35	6	23	36	41	60	62	38	18	11	39	41	35	.	41	36	52	46	16	12	15	41	42	56	29	33	58	27	62	74	53	35	22	52	44	52	29	27	63	72	69	22	29	40	26	
45	17	35	17	39	9	14	21	24	18	45	45	42	30	16	35	16	35	27	58	26	27	22	35	47	53	57	22	8	24	5	10	59	44	29	12	24	24	22	44	44	34	48	46	42	41	.	15	18	11	46	52	27	10	33	24	68	53	18	38	47	35	33	27	36	52	48	51	16	15	32	33	32	40	28	17	15	
46	14	42	26	36	11	27	23	10	6	36	32	28	22	16	22	26	36	22	53	15	38	35	46	51	53	48	12	10	36	20	21	47	38	34	3	10	39	34	29	33	27	56	54	50	36	15	.	33	26	47	46	27	6	18	20	59	58	24	26	35	48	47	36	40	62	34	36	8	18	46	45	45	29	36	29	15	
47	32	34	21	50	24	9	30	42	36	60	62	60	47	28	52	18	42	40	69	42	20	8	29	50	62	71	39	23	18	14	16	76	57	33	30	42	8	12	62	59	48	46	42	41	52	18	33	.	8	53	64	38	28	51	38	82	54	23	56	63	21	20	24	40	44	66	69	33	26	14	21	16	57	29	14	29	
48	24	32	16	44	17	9	23	35	30	52	54	53	39	23	46	17	36	33	63	36	23	10	28	45	56	64	30	17	16	8	9	69	50	28	23	35	15	16	54	51	41	44	40	39	46	11	26	8	.	47	58	32	22	44	33	75	51	22	47	58	28	23	22	35	44	59	62	26	18	21	27	23	50	26	10	21	
49	34	22	32	14	40	56	26	47	52	30	47	60	32	60	64	62	11	26	22	60	71	48	34	12	9	32	36	52	38	50	40	51	22	20	46	53	60	64	53	34	26	26	29	23	16	46	47	53	47	.	22	21	51	57	66	39	17	65	42	76	75	48	30	14	40	59	68	40	32	60	74	69	38	24	40	34	
50	35	41	44	15	44	64	34	42	50	14	32	50	24	62	57	68	24	26	8	57	80	62	53	34	18	10	33	54	53	57	50	30	9	35	46	48	72	72	40	18	20	47	51	45	12	52	46	64	58	22	.	27	51	48	65	17	39	69	30	66	86	65	47	32	62	45	53	40	39	75	84	81	24	41	52	38	
51	14	22	17	12	20	39	8	28	32	24	35	44	16	40	45	44	10	8	32	41	53	36	32	26	27	33	16	32	28	32	23	45	18	12	26	34	46	47	39	26	14	33	34	28	15	27	27	38	32	21	27	.	30	38	46	44	32	45	28	58	59	40	23	15	44	45	52	20	12	48	58	54	26	18	26	14	
52	17	42	26	40	11	22	26	15	9	42	38	33	28	10	24	20	40	26	58	15	32	32	45	53	57	54	18	5	35	15	20	53	42	35	5	15	34	28	34	39	32	56	54	51	41	10	6	28	22	51	51	30	.	23	16	65	59	18	32	36	42	44	36	41	62	39	41	11	20	41	39	40	35	36	27	17	
53	27	58	44	44	29	45	38	10	15	35	21	10	24	28	9	40	47	30	56	14	53	54	63	63	60	46	21	28	54	38	40	36	40	48	21	9	57	51	15	30	30	70	70	65	42	33	18	51	44	57	48	38	23	.	24	56	70	38	18	20	64	65	53	53	78	16	18	22	35	64	60	63	24	52	47	30	
54	33	58	41	56	27	29	41	23	15	53	44	32	40	9	20	21	56	41	71	10	33	44	59	69	72	66	32	16	48	26	34	60	56	51	21	18	40	32	39	50	46	72	70	66	56	24	20	38	33	66	65	46	16	24	.	76	76	17	40	28	45	56	51	58	76	40	39	27	36	48	40	44	45	52	41	33	
55	51	59	62	33	59	81	51	53	62	23	36	54	38	75	64	83	42	41	17	68	95	80	71	51	33	11	47	69	71	72	66	26	24	53	60	59	89	89	45	27	34	64	68	62	29	68	59	82	75	39	17	44	65	56	76	.	54	83	38	72	102	83	64	50	78	48	57	53	56	93	100	98	32	59	70	53	
56	45	20	36	30	48	59	34	60	63	47	64	76	46	68	77	68	22	40	38	72	74	47	28	6	22	48	48	59	36	56	45	68	39	24	56	66	60	65	69	51	41	12	17	14	33	53	58	54	51	17	39	32	59	70	76	54	.	71	58	89	74	42	29	17	26	75	83	51	39	58	75	68	54	26	41	44	
57	34	52	35	57	26	15	39	33	24	60	56	47	46	10	36	5	53	44	76	26	16	30	50	65	72	72	36	15	38	16	27	71	60	47	23	30	24	16	51	58	50	64	62	59	58	18	24	23	22	65	69	45	18	38	17	83	71	.	50	45	28	42	42	54	65	54	54	30	33	33	23	27	53	46	30	32	
58	24	51	41	29	30	51	32	17	26	17	8	18	12	40	27	51	36	21	38	30	63	57	59	52	45	28	17	36	53	44	41	22	23	41	27	22	62	59	11	12	17	62	63	57	27	38	26	56	47	42	30	28	32	18	40	38	58	50	.	36	72	65	50	44	72	17	24	22	33	68	70	70	6	46	48	28	
59	46	76	60	63	46	56	57	29	29	53	36	18	45	36	12	48	68	51	74	21	60	69	81	83	80	64	41	40	71	51	56	48	59	68	38	24	68	60	28	48	51	89	89	84	62	47	35	63	58	76	66	58	36	20	28	72	89	45	36	.	72	81	71	72	96	24	18	40	53	76	68	72	42	70	64	48	
60	52	54	42	71	44	22	52	58	50	80	80	74	66	38	64	24	64	60	90	53	12	26	47	70	83	92	57	38	38	30	36	95	77	54	46	56	14	14	77	78	69	64	60	60	74	35	48	21	28	75	86	59	42	64	45	102	74	28	72	72	.	34	45	62	59	81	82	51	46	17	5	6	76	51	34	48	
61	41	26	24	50	36	28	34	56	52	64	72	74	54	46	69	38	40	46	68	59	38	12	15	40	57	74	48	40	12	30	26	84	59	30	44	57	22	30	74	65	53	32	27	28	53	33	47	20	23	48	65	40	44	65	56	83	42	42	65	81	34	.	18	34	26	78	83	45	33	17	36	28	65	24	17	38	
62	27	10	10	32	26	30	17	44	42	47	57	62	38	42	58	39	22	29	50	51	44	18	10	24	39	54	34	34	8	27	17	68	40	11	34	47	32	36	59	48	36	22	20	17	35	27	36	24	22	30	47	23	36	53	51	64	29	42	50	71	45	18	.	17	26	64	70	32	18	30	45	39	48	6	12	23	
63	27	10	20	18	30	44	16	44	46	35	50	59	30	51	59	51	8	23	34	54	58	35	22	11	22	41	32	42	24	39	28	57	28	8	38	48	47	51	54	38	27	18	20	14	22	36	40	40	35	14	32	15	41	53	58	50	17	54	44	72	62	34	17	.	30	60	66	33	22	47	60	56	40	11	27	26	
64	52	22	35	48	51	51	41	69	68	66	78	87	60	66	84	60	38	51	62	76	62	36	16	28	46	71	58	59	27	51	42	87	58	32	59	72	47	56	82	69	57	15	11	17	52	52	62	44	44	40	62	44	62	78	76	78	26	65	72	96	59	26	26	30	.	88	95	57	44	42	62	53	70	27	35	48	
65	38	66	56	46	42	60	47	24	30	32	12	9	29	45	21	57	53	38	52	30	70	69	74	69	60	40	30	44	68	53	53	23	39	57	36	24	72	66	6	27	34	78	80	74	44	48	34	66	59	59	45	45	39	16	40	48	75	54	17	24	81	78	64	60	88	.	9	34	46	80	77	78	22	62	60	41	
66	44	74	60	54	46	63	53	28	33	40	22	9	36	45	18	58	60	44	60	29	70	72	80	76	69	48	36	46	72	56	58	32	47	64	39	27	75	69	14	35	41	86	86	81	52	51	36	69	62	68	53	52	41	18	39	57	83	54	24	18	82	83	70	66	95	9	.	39	52	82	77	81	30	68	65	46	
67	6	36	22	29	9	29	17	11	12	30	29	30	16	22	27	29	29	15	46	22	42	35	41	44	46	42	6	15	33	21	20	44	30	28	6	15	40	36	29	28	21	50	50	45	29	16	8	33	26	40	40	20	11	22	27	53	51	30	22	40	51	45	32	33	57	34	39	.	14	46	47	47	24	30	27	9	
68	9	23	9	24	9	26	6	24	24	34	40	44	22	29	40	30	21	15	45	34	40	24	28	33	39	45	16	21	21	18	10	52	30	15	16	29	34	34	41	34	22	36	35	32	27	15	18	26	18	32	39	12	20	35	36	56	39	33	33	53	46	33	18	22	44	46	52	14	.	38	45	42	33	17	16	5	
69	45	40	32	60	38	20	41	56	50	72	75	74	59	40	65	28	52	52	80	54	22	12	30	54	70	82	51	36	23	27	28	89	68	41	44	56	9	17	75	71	60	48	44	45	63	32	46	14	21	60	75	48	41	64	48	93	58	33	68	76	17	17	30	47	42	80	82	46	38	.	20	11	69	36	22	41	
70	50	56	41	70	41	20	51	53	46	77	76	70	64	33	59	20	64	58	89	48	8	27	48	70	82	89	54	34	39	27	35	92	75	54	42	52	15	11	74	76	66	65	62	62	72	33	45	21	27	74	84	58	39	60	40	100	75	23	70	68	5	36	45	60	62	77	77	47	45	20	.	9	72	51	34	46	
71	47	48	38	66	40	18	46	54	48	76	76	72	62	36	63	23	59	56	86	52	14	21	40	64	77	87	53	35	32	27	32	92	72	48	44	54	9	12	75	75	64	58	53	54	69	32	45	16	23	69	81	54	40	63	44	98	68	27	70	72	6	28	39	56	53	78	81	47	42	11	9	.	72	45	29	45	
72	24	48	41	24	32	53	32	22	30	11	9	24	11	44	33	54	33	20	32	35	66	57	57	48	39	22	18	39	53	46	41	20	17	39	30	27	64	62	16	6	14	58	60	54	22	40	29	57	50	38	24	26	35	24	45	32	54	53	6	42	76	65	48	40	70	22	30	24	33	69	72	72	.	44	48	28	
73	24	6	11	26	26	34	14	41	42	42	52	59	34	44	58	42	16	24	44	51	48	24	14	20	33	50	32	35	14	30	20	63	35	6	34	46	36	41	56	44	32	20	18	15	29	28	36	29	26	24	41	18	36	52	52	59	26	46	46	70	51	24	6	11	27	62	68	30	17	36	51	45	44	.	16	22	
74	24	22	9	38	18	18	18	38	35	50	56	57	38	32	52	27	29	30	57	42	32	10	18	36	48	59	32	24	8	16	8	68	45	20	27	40	21	24	56	50	38	34	30	29	40	17	29	14	10	40	52	26	27	47	41	70	41	30	48	64	34	17	12	27	35	60	65	27	16	22	34	29	48	16	.	21	
75	4	28	14	24	6	27	9	20	21	32	35	38	17	27	35	30	23	11	44	29	41	29	33	36	40	42	11	18	26	20	14	48	29	20	12	23	36	35	35	30	20	41	40	36	26	15	15	29	21	34	38	14	17	30	33	53	44	32	28	48	48	38	23	26	48	41	46	9	5	41	46	45	28	22	21	.	
;

param Q:=
1	18.0
2	26.0
3	11.0
4	30.0
5	21.0
6	19.0
7	15.0
8	16.0
9	29.0
10	26.0
11	37.0
12	16.0
13	12.0
14	31.0
15	8.0
16	19.0
17	20.0
18	13.0
19	15.0
20	22.0
21	28.0
22	12.0
23	6.0
24	27.0
25	14.0
26	18.0
27	17.0
28	29.0
29	13.0
30	22.0
31	25.0
32	28.0
33	27.0
34	19.0
35	10.0
36	12.0
37	14.0
38	24.0
39	16.0
40	33.0
41	15.0
42	11.0
43	18.0
44	17.0
45	21.0
46	27.0
47	19.0
48	20.0
49	5.0
50	22.0
51	12.0
52	19.0
53	22.0
54	16.0
55	7.0
56	26.0
57	14.0
58	21.0
59	24.0
60	13.0
61	15.0
62	18.0
63	11.0
64	28.0
65	9.0
66	37.0
67	30.0
68	10.0
69	8.0
70	11.0
71	3.0
72	1.0
73	6.0
74	10.0
75	20.0
;
